Average gap is: 0.20490 timecost: 159.351, pure solve time cost:  159.338; Average global distance: 10.68354, local distance: 10.70540
0.4923	10.700001067684505	10.752677254184372
-0.0	10.755172416618214	10.755172416618212
-0.0	10.479971550259412	10.479971550259409
0.01934	10.886279444958427	10.88838463373132
0.71562	10.50054842916765	10.57569276667159
0.27467	10.631878933980841	10.661081213099358
-0.0	10.825855825374978	10.825855825374974
0.32633	11.037330874579897	11.07334867029884
0.0	10.494473322331158	10.494473322331164
0.0	10.504546951841673	10.504546951841679
0.60743	10.704146629651243	10.769167280522666
0.02124	10.703855730971823	10.706129220806082
0.13965	10.187092278183636	10.201318151059688
0.11925	10.948062933859276	10.961118347908343
0.1654	10.749042505648564	10.766821333777001
0.25304	10.647628336456474	10.674571461245545
0.0	11.220748254991527	11.22074825499153
0.07347	10.681682673458212	10.689530216559703
0.12342	10.819086065979876	10.832438623251425
0.16734	10.398507116341552	10.415908361569262
0.0	9.959000801559894	9.959000801559899
0.05237	10.503257695013438	10.508758582310392
1.14418	10.427992772171018	10.54730786464538
0.18452	10.849416291649966	10.869435554503994
0.02696	11.27248258549269	11.275521796765652
0.42818	10.536591211153706	10.581706334032148
0.08953	10.91258000017411	10.922349892552223
0.46118	10.786174746533247	10.835918768041655
0.02647	10.819366239382537	10.822229791288667
0.01076	10.580515212169864	10.581653318469014
0.54488	10.919396906165764	10.978894313603192
0.207	10.781415866908633	10.803733900452116
0.04861	10.824528776266504	10.829790053578623
0.41006	10.698271391234073	10.742140541364455
-0.0	10.777383441862218	10.777383441862217
0.19991	10.366775994314212	10.387500225549054
0.25951	10.553407573757227	10.580794990032864
0.26498	10.435981025892112	10.463634803955678
0.94998	10.558075327523223	10.658374558350877
0.00476	11.100983857830675	11.101511898835888
0.19775	10.70230322791583	10.723467396637712
0.78158	10.525733705734329	10.608000401514737
-0.0	10.205029701490043	10.20502970149004
0.26087	10.827627705534892	10.855873237143214
0.0	10.3889210594555	10.388921059455502
0.07059	10.723238004883937	10.730807818083555
0.1764	11.027509378880202	11.046961802333268
0.05137	10.678061141116247	10.683546952617654
0.13781	10.70543094924796	10.720183854650484
-0.0	10.547270487578652	10.547270487578647
0.30657	10.371009331351994	10.402803405140956
0.11987	10.678801709075836	10.691601954018688
0.79816	11.047908107304675	11.136087901781808
0.06273	10.596148811258121	10.602795593761453
0.02979	11.19748302175082	11.200818544183774
-0.0	10.728272725133982	10.728272725133976
0.3656	10.662737761178224	10.70172064354539
0.19542	10.594865511672866	10.61556997438295
0.03803	10.455785929350254	10.459762703842488
0.16777	10.3815007641115	10.398917726660795
0.10344	10.787520789090424	10.798679548652002
0.0	10.500649059019521	10.500649059019528
0.26278	10.925174257054953	10.953882997631858
0.17503	10.948369431528688	10.967532511550806
