Average gap is: 0.00734 timecost: 660.813; Average global distance: 7.75526, local distance: 7.75583
0.0	7.401462785384171	7.401462785384171
0.0	7.546424988415977	7.546424988415977
-0.0	7.499728584360636	7.499728584360635
0.0	7.780955918188118	7.780955918188118
0.0	7.624433176903252	7.624433176903252
0.0	8.180844561444712	8.180844561444712
0.0	7.656066392419668	7.656066392419668
-0.0	7.828603076920113	7.828603076920112
0.0	7.474485396324018	7.4744853963240185
-0.0	7.870535429999829	7.870535429999828
0.0	6.933285553563713	6.933285553563713
0.0	7.93349833875167	7.93349833875167
0.0	7.477420458769602	7.477420458769605
0.0	7.60248491729405	7.602484917294052
0.0	7.633466318344403	7.633466318344403
0.0	7.637514750553157	7.637514750553157
-0.0	7.623705644063835	7.623705644063834
-0.0	7.300826068195338	7.300826068195337
0.0	7.965314788077348	7.965314788077348
0.0	8.006223514098947	8.006223514098947
0.0	7.816122590197784	7.816122590197784
-0.0	7.853798654348658	7.853798654348657
-0.0	7.985000994463304	7.985000994463302
-0.0	8.029412334662135	8.029412334662133
0.0	7.586687874582463	7.586687874582463
0.0	8.042568744160489	8.042568744160489
0.06759	8.21894892971898	8.224504334586289
0.0	8.00920638109295	8.00920638109295
-0.0	7.9386458472846275	7.938645847284627
0.0	7.895138899584044	7.895138899584045
0.0	7.701510427747618	7.7015104277476185
-0.0	7.697201341660362	7.69720134166036
0.0	7.629051391040524	7.629051391040524
-0.0	7.391303934958906	7.391303934958905
0.0	7.717407489751153	7.717407489751154
0.0	7.662025038012315	7.662025038012315
-0.0	7.42671236767732	7.426712367677319
0.0	7.394578167162603	7.394578167162603
-0.0	7.386804827207458	7.386804827207457
0.0	7.915588891358103	7.915588891358105
0.0	7.466577268744066	7.466577268744067
0.0	7.984248068780784	7.984248068780785
0.0	8.11291203192879	8.11291203192879
0.0	8.004856236441933	8.004856236441933
0.0	8.038549851130556	8.038549851130556
0.0	7.923877593034045	7.923877593034045
0.0	8.144172905379559	8.144172905379559
0.0	8.12838795416482	8.128387954164822
0.0	7.697571551404288	7.697571551404289
-0.0	7.7730425221839266	7.773042522183926
0.0	7.845037630217499	7.845037630217499
0.0	8.084097955756008	8.084097955756008
0.0	7.345260340034702	7.345260340034702
0.0	7.402192361283324	7.402192361283324
-0.0	7.7374797977363166	7.737479797736316
-0.0	7.852365558969531	7.852365558969529
-0.0	7.5096935164934	7.509693516493399
-0.0	7.6133251587830895	7.613325158783088
-0.0	7.85003307913334	7.850033079133339
0.0	8.186390042671976	8.186390042671977
0.0	7.717286954226962	7.717286954226963
-0.0	7.5948326831191935	7.594832683119192
0.0	7.962170200306309	7.96217020030631
0.0	7.713184644371752	7.713184644371752
0.0	7.439473430448501	7.439473430448501
0.0	7.676383443239905	7.6763834432399065
0.0	7.8342172324051695	7.83421723240517
-0.0	7.819954206015164	7.819954206015163
0.0	7.717613138167157	7.717613138167157
0.0	7.3760543003988825	7.376054300398883
0.0	7.620209426522816	7.620209426522816
0.0	7.597543043946816	7.597543043946816
0.0	7.745592329783969	7.74559232978397
-0.0	7.529296632739063	7.5292966327390625
0.0	7.862307879353282	7.862307879353283
0.0	8.040218343225272	8.040218343225272
-0.0	7.724935410201429	7.724935410201428
-0.0	7.893923438057014	7.893923438057013
0.0	7.938178841463076	7.938178841463077
0.0	8.193052349677195	8.193052349677197
0.0	7.626262885320976	7.626262885320976
0.0	7.686118837965202	7.686118837965202
-0.0	7.772094678349558	7.772094678349556
0.0	7.642429150071855	7.642429150071856
0.0	7.8682308943250625	7.8682308943250625
0.0	7.166806413603184	7.166806413603186
-0.0	7.958255285008137	7.9582552850081365
0.0	8.143393660570318	8.143393660570318
-0.0	8.106622148319484	8.106622148319483
0.0	7.931149998378213	7.931149998378215
-0.0	7.620194406294914	7.620194406294913
0.0	7.8704327055033065	7.870432705503307
0.0	7.340186371794594	7.340186371794594
0.0	7.303905223404719	7.30390522340472
0.0	7.636111676209417	7.636111676209419
-0.0	7.8068529276505245	7.806852927650524
-0.0	7.545877362628624	7.545877362628623
-0.0	7.504397224334131	7.50439722433413
0.0	7.33429800232093	7.3342980023209305
-0.0	7.799256940795298	7.799256940795297
0.0	7.4852162297027585	7.4852162297027585
-0.0	7.863392161245724	7.863392161245722
0.0	7.843174846374435	7.843174846374435
0.0	7.787652838189038	7.787652838189039
0.0	7.432854980001959	7.432854980001959
-0.0	7.944397688891067	7.944397688891066
0.05512	7.567748512084511	7.571920132267382
0.06014	7.731704247513507	7.736354148379804
0.0	7.683573207976136	7.683573207976138
0.0	7.3417871333089195	7.341787133308921
0.0	7.599118345232359	7.599118345232359
0.0	7.3996771103975245	7.3996771103975245
-0.0	7.9514240275508605	7.95142402755086
0.0	7.627091442979154	7.627091442979155
-0.0	7.854444814748222	7.854444814748221
0.0	7.675224869940839	7.67522486994084
0.0	7.7952899838712195	7.7952899838712195
0.0	7.859205732297721	7.859205732297722
0.0	7.65697681151123	7.656976811511232
-0.0	7.601222436535481	7.60122243653548
0.0	7.592995304577366	7.592995304577367
-0.0	7.895903323896214	7.8959033238962135
0.0	7.715883305813446	7.715883305813446
-0.0	7.538984939704902	7.5389849397049
0.0	7.651495752473885	7.651495752473885
0.0	7.9251284526649926	7.9251284526649926
-0.0	7.9958558110429925	7.995855811042991
0.0	7.8628727332458155	7.862872733245817
0.0	7.256999369874491	7.256999369874491
0.0	7.568131005602416	7.568131005602416
-0.0	7.752538961968776	7.752538961968775
-0.0	7.7255473481521335	7.725547348152133
0.0	7.524812274549397	7.524812274549398
0.0	7.630030100803916	7.630030100803916
0.0	7.690763302426781	7.690763302426782
-0.0	7.255717681697368	7.255717681697367
0.0	7.7975020973083815	7.797502097308382
-0.0	7.966003480386063	7.966003480386062
0.0	7.402286131633629	7.402286131633629
0.0	7.909694637152733	7.909694637152733
0.0	7.50394764087272	7.50394764087272
0.0	7.887124037519882	7.887124037519882
0.0	7.595096476484664	7.595096476484665
0.0	7.99815912518568	7.998159125185682
0.0	7.782475925493634	7.782475925493634
0.0	7.791671141037861	7.791671141037861
-0.0	7.772179725460282	7.772179725460281
0.0	7.420184157353004	7.420184157353005
0.0	7.918986145114173	7.918986145114173
-0.0	7.3545012999708765	7.354501299970876
0.0	8.079114020353087	8.079114020353087
0.0	7.393682846397883	7.393682846397884
0.0	7.779570950869865	7.779570950869867
0.14616	8.204150970979697	8.216142265556291
0.0	7.524410223192572	7.524410223192572
0.0	7.908215192714977	7.908215192714977
-0.0	7.527489152345734	7.5274891523457335
-0.0	7.865322237695385	7.865322237695383
0.0	7.7428180665826165	7.742818066582617
0.0	7.305921140184439	7.305921140184439
0.0	7.655195201154806	7.655195201154806
0.0	7.8795187032317715	7.8795187032317715
0.0	7.876490532514016	7.876490532514016
0.0	7.424606329216049	7.42460632921605
0.0	7.443996061718746	7.443996061718747
0.0	8.060798307378054	8.060798307378054
0.0	7.947207020861831	7.947207020861832
0.0	8.003234050499216	8.003234050499216
0.0	7.930876557795958	7.930876557795958
0.0	7.884519867536412	7.8845198675364125
-0.0	7.716348433944698	7.716348433944697
0.0	7.9253417417486824	7.925341741748683
0.0	7.969170688447828	7.969170688447829
0.0	7.560072762286476	7.560072762286476
0.0	7.207770584761285	7.207770584761285
-0.0	7.6284178493876365	7.628417849387636
-0.0	7.407098123665078	7.407098123665077
-0.0	7.845030571310866	7.845030571310863
-0.0	7.990533614848399	7.990533614848398
0.0	8.080219310776243	8.080219310776243
0.0	7.804949915713593	7.804949915713593
0.0	7.634544224586444	7.634544224586444
0.0	7.5615692570326765	7.5615692570326765
0.0	7.366038114613957	7.366038114613957
0.0	7.980205043500898	7.980205043500899
0.0	7.906952217240525	7.906952217240525
-0.0	8.125946616096767	8.125946616096765
0.0	7.698870332194971	7.698870332194972
0.0	7.9055785362140805	7.9055785362140805
-0.0	8.132738036890316	8.132738036890315
-0.0	7.95303736923165	7.953037369231649
0.0	7.790163841332145	7.790163841332145
0.00833	7.77061552547867	7.771263114397432
0.0	7.896885449563612	7.896885449563612
0.0	7.933334176444223	7.933334176444223
-0.0	7.715639941504019	7.715639941504018
-0.0	7.935420537719597	7.9354205377195965
-0.0	7.413297735284612	7.41329773528461
-0.0	7.679074865877546	7.679074865877545
0.0	7.340479970972331	7.340479970972331
0.22171	7.696180756118737	7.713243725119626
0.0	7.532755390467756	7.532755390467756
0.0	7.939005510928934	7.939005510928934
0.0	7.431415073057343	7.431415073057343
0.0	7.549943708234714	7.549943708234715
0.0	8.23299035834783	8.232990358347832
0.0	7.484298205772587	7.484298205772587
0.0	7.380243626545863	7.380243626545863
0.22881	7.84755644645479	7.865512773386041
-0.0	7.835849639962722	7.835849639962721
0.0	7.858657563638657	7.858657563638657
-0.0	7.1108325098776355	7.110832509877635
0.0	7.769871456739716	7.769871456739717
0.0	7.699264099658848	7.699264099658849
-0.0	7.665594019830972	7.665594019830971
0.0	7.7426387091077675	7.742638709107769
0.0	7.703940225473779	7.703940225473779
-0.0	8.34144564353742	8.341445643537417
-0.0	7.996600204197879	7.996600204197878
-0.0	7.394155009483495	7.3941550094834945
0.0	7.621722944575634	7.621722944575636
-0.0	8.265547340907037	8.265547340907036
0.23151	8.031024639683345	8.049617352434241
0.0	8.002135138757758	8.00213513875776
-0.0	7.615815053129895	7.615815053129894
0.0	7.590543316628203	7.590543316628203
-0.0	7.991301226077746	7.991301226077745
0.0	8.073079398701617	8.073079398701617
0.0	7.653947672495187	7.653947672495187
0.0	7.929502981944175	7.929502981944176
0.0	7.901746463220352	7.901746463220353
0.0	7.661023443721457	7.661023443721457
0.0	7.5124449404212115	7.5124449404212115
-0.0	7.6452227152575905	7.64522271525759
0.0	7.5236744509521145	7.5236744509521145
0.0	7.586872175707526	7.586872175707527
0.0	7.728358159417206	7.728358159417206
0.0	7.973537111032337	7.973537111032337
0.0	7.851406906480788	7.851406906480788
0.0	7.916951473310753	7.916951473310753
-0.0	7.697885297445641	7.697885297445639
0.18661	8.291507172791098	8.306979727676078
-0.0	7.435400282265751	7.43540028226575
0.18247	7.853077832677305	7.867407682205906
0.0	8.045988885290871	8.045988885290871
0.0	7.669961214513199	7.669961214513199
-0.0	7.720039392139332	7.720039392139331
0.0	7.762322401843164	7.762322401843164
-0.0	7.898063795488671	7.89806379548867
0.0	8.059918519844649	8.059918519844649
-0.0	7.826072773288206	7.826072773288205
0.03506	8.244714648943487	8.247605173886457
0.0	7.5965421721726365	7.5965421721726365
0.25932	8.157134722337416	8.178287811345248
0.0	8.087105074351687	8.087105074351687
-0.0	7.62146859959573	7.621468599595729
0.0	7.868888091855036	7.868888091855036
0.15068	7.7723132207032135	7.784024155434574
0.0	7.641246915784919	7.641246915784919
0.0	7.746399251985926	7.746399251985927
0.0	8.085364988109408	8.085364988109408
-0.0	7.85482647500321	7.854826475003209
0.0	7.979598182740956	7.979598182740956
0.0	7.982747157842215	7.982747157842215
-0.0	7.907335100093816	7.907335100093813
0.0	7.644688352832655	7.644688352832657
0.0	7.766355300751087	7.766355300751091
-0.0	7.972857799672853	7.972857799672851
-0.0	7.6183220402681044	7.618322040268104
-0.0	7.3113423012868	7.311342301286799
0.0	7.833938917022479	7.833938917022479
-0.0	7.328625753661198	7.328625753661197
0.0	7.9428799219457265	7.9428799219457265
-0.0	7.938814652558321	7.938814652558319
0.0	7.968174052061595	7.968174052061595
-0.0	7.655007292081287	7.655007292081286
-0.0	7.746418507507151	7.74641850750715
0.0	8.180610231226192	8.180610231226192
-0.0	7.787599966623295	7.7875999666232945
-0.0	7.974215299040955	7.974215299040954
-0.0	7.425991650562306	7.425991650562305
-0.0	7.572886154350231	7.57288615435023
0.0	7.487430286974679	7.48743028697468
-0.0	7.583354823007232	7.583354823007231
-0.0	7.781785187401267	7.781785187401266
-0.0	8.095508458462605	8.095508458462604
0.0	7.422843121138492	7.422843121138493
-0.0	7.696177257543447	7.696177257543446
0.0	7.8243905064426436	7.8243905064426436
-0.0	7.828178412246583	7.828178412246582
0.0	7.940281770352032	7.940281770352032
0.0	7.809776282282342	7.809776282282343
0.0	7.867450775824833	7.867450775824833
0.03272	7.87886036270362	7.881438361252249
0.0	7.628296178060024	7.628296178060025
-0.0	7.809507860056543	7.809507860056542
0.0	7.766074437104983	7.766074437104983
0.0	7.588837839760078	7.588837839760078
-0.0	7.860944237317252	7.860944237317251
0.0	7.911892733163348	7.911892733163349
0.0	8.06290231854359	8.06290231854359
0.0	7.749345383445391	7.749345383445392
0.0	7.758756538046834	7.758756538046835
-0.0	8.05396194058715	8.053961940587149
0.0	7.68771425883794	7.687714258837941
0.0	7.431552047974278	7.431552047974279
0.0	8.12902171205586	8.129021712055861
0.0	8.314248078912058	8.314248078912058
0.0	8.235300126721372	8.235300126721373
-0.0	7.66230987899644	7.662309878996438
0.0	7.997704576819248	7.997704576819248
0.0	7.8312614526893345	7.831261452689335
-0.0	7.385905555972533	7.385905555972532
0.12985	7.84246362421736	7.852646784279553
-0.0	7.890331745125803	7.890331745125802
0.0	7.664456308901701	7.664456308901701
0.0	7.549777755698086	7.549777755698086
0.0	7.645097525324255	7.645097525324255
-0.0	7.457421668332158	7.457421668332157
0.0	7.5751342559626025	7.575134255962603
0.0	7.662229268418264	7.6622292684182645
0.0	7.593755102277784	7.593755102277784
-0.0	7.895185572330872	7.89518557233087
0.0	8.023785001182647	8.023785001182647
0.0	7.716054889819366	7.716054889819366
-0.0	8.074824160362335	8.074824160362333
0.0	7.569218793578839	7.56921879357884
0.0	7.1484716358155636	7.1484716358155636
-0.0	7.931499494907491	7.93149949490749
0.0	7.652679932200546	7.652679932200546
0.0	7.97975152569378	7.97975152569378
-0.0	7.344471691663174	7.344471691663173
0.0	7.765896165575627	7.765896165575628
0.0	7.977213494613888	7.977213494613888
0.0	7.357502840038636	7.357502840038636
0.0	8.121693897929882	8.121693897929884
0.0	7.5993509107723645	7.599350910772365
-0.0	7.428368248685439	7.428368248685438
0.0	7.621093809167526	7.621093809167526
0.0	7.910827453688828	7.910827453688829
0.0	8.076417810292329	8.076417810292329
-0.0	7.458393665750135	7.458393665750134
0.0	7.635206537441022	7.635206537441022
0.0	7.282976372922648	7.282976372922648
0.0	7.802598615567806	7.802598615567808
0.0	7.486752147470652	7.486752147470652
0.0	7.490709565931897	7.490709565931897
0.0	7.729945802903867	7.729945802903869
-0.0	7.466018091726428	7.466018091726427
-0.0	7.72638840898884	7.726388408988839
0.0	7.78803561363895	7.788035613638951
-0.0	7.6586845094700795	7.658684509470079
0.0	7.835794140794366	7.835794140794367
0.0	7.819930431996506	7.819930431996506
0.03882	8.063798102360249	8.066928741823142
0.0	7.531232191889453	7.531232191889453
-0.0	7.630597955693592	7.630597955693591
0.0	7.833697544930583	7.833697544930583
0.0	7.505583147524849	7.50558314752485
-0.0	8.006878082243833	8.006878082243832
0.0	7.68786096496033	7.68786096496033
0.0	7.940302827691758	7.940302827691758
-0.0	7.45386568983241	7.453865689832409
0.0	7.427142489752883	7.427142489752883
0.0	7.818692751086347	7.818692751086347
0.0	8.108280217226945	8.108280217226946
-0.0	7.658931031754229	7.6589310317542285
0.0	8.122097352358034	8.122097352358036
0.0	7.539296930052233	7.539296930052235
0.0	8.16383618996307	8.163836189963071
0.2637	7.625942030204698	7.646051308905238
0.0	7.839575816559286	7.839575816559286
0.0	7.883984859663568	7.883984859663569
-0.0	7.678583582443384	7.678583582443383
0.0	7.65350897197058	7.653508971970581
0.0	7.246753015526272	7.246753015526273
0.0	7.771845026376136	7.771845026376136
-0.0	7.481513229847046	7.481513229847045
-0.0	7.9106592697509095	7.910659269750909
0.0	7.599693637803176	7.599693637803177
0.0	7.989579826809647	7.989579826809647
0.0	7.816044757890886	7.816044757890887
-0.0	7.757349019642753	7.757349019642751
0.0	8.254703552031351	8.254703552031353
-0.0	7.787198381375111	7.78719838137511
0.0	7.596390352188507	7.596390352188507
0.0	7.663015863826445	7.663015863826445
0.0	7.899104706716024	7.899104706716025
0.0	7.372766578078618	7.372766578078619
0.0	7.308409380887738	7.308409380887738
0.03385	8.01443930979727	8.017151944636689
-0.0	7.986790055180791	7.98679005518079
-0.0	8.104779029526227	8.104779029526226
0.0	7.479556209703901	7.479556209703902
-0.0	8.127527805117488	8.127527805117486
-0.0	7.746710102422209	7.746710102422208
0.0	8.034262545074867	8.034262545074867
0.0	7.991079040888119	7.99107904088812
-0.0	7.680796732233223	7.6807967322332225
-0.0	7.641420268721131	7.641420268721129
0.0	7.685339462082701	7.685339462082703
0.0	8.242880619831217	8.242880619831219
0.0	7.783994182664902	7.783994182664902
0.0	7.814936300008659	7.814936300008659
-0.0	7.829395408253039	7.829395408253038
0.0	7.803825380095805	7.803825380095805
-0.0	7.595571461256438	7.595571461256437
0.0	8.016750505765751	8.016750505765751
0.0	7.860033952024719	7.860033952024719
0.0	7.905908816037124	7.905908816037125
0.0	7.625800201452499	7.6258002014525
0.0	7.885150144307851	7.885150144307851
-0.0	8.169436128594539	8.169436128594537
-0.0	7.64577652810444	7.645776528104438
-0.0	7.967336597125835	7.9673365971258345
0.0	7.54567549939141	7.545675499391411
0.0	7.83960111425197	7.839601114251971
0.0	7.499729424587802	7.499729424587803
0.0	7.768358327756652	7.768358327756654
-0.0	7.705089945970563	7.705089945970562
0.0	8.035555254972635	8.035555254972637
0.0	7.723449119229326	7.723449119229326
0.0	8.151981111628654	8.151981111628654
-0.0	7.5459486939480875	7.545948693948087
0.0	7.962388749174063	7.962388749174063
-0.0	8.241578217375412	8.241578217375409
0.0	8.25169717653537	8.251697176535371
-0.0	8.347679881228567	8.347679881228565
0.0	7.6604090946074255	7.6604090946074255
-0.0	8.044653291399435	8.044653291399433
0.0	8.053837356159875	8.053837356159876
0.0	7.67860649821265	7.678606498212652
0.0	7.674342337038597	7.674342337038597
0.0152	7.614044163866896	7.615201489317615
0.0	8.130714989467698	8.1307149894677
-0.0	7.658484011186273	7.658484011186272
0.0	7.817098957386348	7.817098957386348
0.0	7.510446978588596	7.510446978588597
0.0	7.766638935783451	7.766638935783451
0.0	7.990962832936504	7.990962832936505
0.0	7.881383886285326	7.881383886285326
0.0	7.466121653411992	7.466121653411992
0.0	7.909829973938102	7.909829973938103
0.0	7.661112865542311	7.661112865542312
0.0	7.648678086439995	7.648678086439996
0.0	7.40796558422022	7.407965584220221
-0.0	7.456443642691715	7.456443642691714
0.0	7.4893867342859055	7.489386734285906
0.0	8.093368441528686	8.093368441528687
0.0	7.936179823812297	7.936179823812297
-0.0	7.940455032817756	7.940455032817755
-0.0	7.6411322171731	7.641132217173099
0.0	7.669321400866201	7.669321400866201
0.0	7.871835991460652	7.871835991460652
0.0	7.788402198577137	7.788402198577137
0.0	7.8827314831213675	7.882731483121368
-0.0	7.818295805003089	7.818295805003088
0.0	8.239300760677148	8.239300760677148
0.0	7.81055752176251	7.810557521762511
0.0	7.184115239184999	7.184115239184999
0.0	7.870519365130827	7.870519365130828
0.0	7.724123111647941	7.724123111647941
0.0	7.772508660729714	7.772508660729714
0.0	7.736449939650145	7.736449939650145
0.0	7.556661556272108	7.556661556272109
-0.0	7.906632153662169	7.906632153662167
-0.0	7.477716319933181	7.47771631993318
0.0	7.43163334025742	7.431633340257421
-0.0	8.119342482265047	8.119342482265045
0.0	7.621536657371748	7.621536657371748
0.0	7.813231078699073	7.813231078699073
0.0	7.793165069840903	7.793165069840903
-0.0	7.968007412795607	7.968007412795606
0.0	7.914943549007479	7.91494354900748
0.0	8.004802572833793	8.004802572833793
-0.0	7.339301734010233	7.339301734010232
0.0	7.854435807182125	7.854435807182126
-0.0	8.146536554433606	8.146536554433602
-0.0	7.454065728154167	7.454065728154166
0.09531	7.867856831127493	7.875355709726632
0.0	7.9749139039133015	7.974913903913302
0.0	7.573548290508901	7.573548290508901
0.0	7.767703391864357	7.767703391864357
-0.0	7.522270998984359	7.522270998984358
-0.0	7.9512521786193835	7.951252178619383
0.0	7.893111586295768	7.893111586295768
-0.0	7.576439402348959	7.576439402348958
0.0	7.673430399496555	7.673430399496555
-0.0	7.446667638851133	7.446667638851132
0.04745	7.729654293412321	7.733321733332686
-0.0	7.7873859877316285	7.787385987731628
0.0	7.571471349116092	7.571471349116092
0.0	7.541715235732195	7.541715235732197
-0.0	7.670633616031882	7.670633616031881
0.0	7.888646920088521	7.888646920088521
0.0	7.6665734668413705	7.6665734668413705
0.0	7.2783407230945425	7.2783407230945425
0.0	8.044463418847316	8.044463418847316
0.0	7.239410883860081	7.2394108838600815
0.0	7.441542598141101	7.441542598141101
0.0	7.685186781403727	7.685186781403727
0.0024	8.031777913921424	8.031970784764027
0.0	7.557869401687947	7.557869401687947
0.0	7.856031224377094	7.856031224377094
0.0	7.384967008574738	7.384967008574738
0.0	7.966082492224862	7.966082492224862
0.0	7.443458085563011	7.443458085563013
0.0	7.482566540556704	7.482566540556704
0.0	7.682472582181296	7.682472582181296
0.0	7.449048215894773	7.449048215894773
0.0	7.86547049831069	7.865470498310691
-0.0	8.221230132205466	8.221230132205465
-0.0	8.080019096300218	8.080019096300216
0.0	7.222001649848631	7.2220016498486315
-0.0	7.579874033653838	7.579874033653837
-0.0	7.635944755637254	7.6359447556372535
0.0	7.570163072068146	7.570163072068147
0.0	7.579145328938539	7.579145328938539
0.0	7.605915861118289	7.60591586111829
0.0	7.667457177952351	7.667457177952353
0.0	7.743944671518279	7.743944671518279
-0.0	7.624424670217395	7.624424670217393
0.0	8.243874261561382	8.243874261561382
0.0	7.542566449435856	7.542566449435856
0.13082	7.958169367788815	7.96858044334577
0.0	7.8732280004096395	7.8732280004096395
0.0	7.8754430899883445	7.875443089988345
0.0	7.6375098107204895	7.6375098107204895
0.0	7.634956024320582	7.634956024320583
0.0	7.702412646262123	7.702412646262123
0.0	7.566683257232601	7.566683257232603
0.0	7.6530844529445545	7.6530844529445545
0.02554	7.861441777394065	7.863449933898622
0.0	7.904173095566785	7.904173095566785
0.0	7.651358323716162	7.651358323716162
-0.0	7.530967497108561	7.53096749710856
0.0	7.863401174494667	7.863401174494668
0.0	7.802796365795237	7.802796365795237
-0.0	7.956001290927668	7.956001290927667
-0.0	8.097183835609153	8.097183835609151
0.0	7.933542175193783	7.933542175193785
0.0	7.415321506769333	7.415321506769333
0.0	7.842293232431082	7.842293232431082
0.0	7.70480792857731	7.704807928577311
-0.0	7.821283181076748	7.821283181076747
0.0	7.735962969310304	7.735962969310305
-0.0	7.810866252277039	7.810866252277037
0.0	7.945299527796477	7.945299527796477
0.0	7.641729279764908	7.641729279764909
-0.0	7.7704179640472235	7.770417964047223
-0.0	7.632662626060382	7.632662626060381
0.0	7.977623745879873	7.977623745879873
0.0	7.950364698296956	7.950364698296956
-0.0	7.866898498992579	7.866898498992578
0.0	8.110014547113101	8.110014547113103
0.0	7.4824127456679825	7.482412745667983
0.0	7.421093250763183	7.421093250763183
0.0	7.636741036689383	7.636741036689383
0.0	8.0438653482067	8.0438653482067
0.0	7.646037212940742	7.646037212940742
0.0	7.716505683903932	7.716505683903934
0.0749	7.677607542415602	7.683358346351155
0.0	7.5721020574376485	7.572102057437649
0.0	7.945668716134371	7.945668716134372
0.30673	7.660461034722441	7.683957774180504
0.0	8.125499591893542	8.125499591893542
-0.0	7.72806554719411	7.7280655471941095
0.39094	7.4820539153216465	7.511303889029671
0.0	7.702289929346654	7.702289929346654
-0.0	7.5224392362245345	7.522439236224534
-0.0	7.614186821407861	7.61418682140786
0.0	7.776603244784019	7.776603244784019
0.0	8.097084226129866	8.097084226129867
0.0	8.053510065738028	8.05351006573803
0.0	7.870609579850923	7.870609579850923
-0.0	7.767438108249089	7.767438108249088
-0.0	7.708097074565746	7.708097074565745
0.0	8.097257766199562	8.097257766199562
0.0	7.364361701124892	7.364361701124894
0.0	7.990178736161054	7.990178736161055
0.0	7.6702911131327305	7.6702911131327305
0.0	8.046228122327433	8.046228122327433
0.0	7.589332617189918	7.589332617189918
-0.0	7.41781131755296	7.417811317552959
0.14077	7.839571318339264	7.8506073304551425
-0.0	7.771624094929614	7.771624094929613
-0.0	7.648229695943552	7.648229695943551
0.0	7.667039479760703	7.667039479760704
-0.0	7.735981313415584	7.735981313415583
0.0	7.966559801218022	7.966559801218022
0.0	7.678950037456535	7.678950037456536
0.0	7.834996436106718	7.834996436106718
-0.0	7.389655366478402	7.389655366478401
0.0	8.044552511550675	8.044552511550675
0.0	7.840103508778659	7.84010350877866
0.05032	7.7462093510785985	7.750107329756907
-0.0	7.619468118560343	7.619468118560342
-0.0	7.554459588590692	7.5544595885906904
0.0	8.03249451780199	8.03249451780199
0.0	8.094366683674743	8.094366683674743
-0.0	7.8987223821835375	7.898722382183537
0.0	7.891101063909829	7.891101063909829
0.0	7.338821906652383	7.338821906652384
0.0	7.55321877497409	7.553218774974091
-0.0	7.549963259277416	7.5499632592774155
-0.0	7.8128465125190925	7.812846512519091
0.0	7.582060121118401	7.582060121118402
-0.0	8.328365855525401	8.3283658555254
0.0	7.60527788761701	7.605277887617011
0.0	7.45219200035002	7.452192000350021
0.0	8.004520191078381	8.004520191078381
-0.0	7.81038110920985	7.810381109209847
-0.0	7.387395062767175	7.387395062767174
0.0	7.465807885664379	7.46580788566438
-0.0	7.336316454848271	7.33631645484827
-0.0	8.026355757951919	8.026355757951917
0.0	7.225899148616578	7.225899148616579
0.0	8.02903889632682	8.029038896326822
0.0	7.600131520285155	7.600131520285156
0.0	7.556182180511362	7.556182180511362
-0.0	7.562854861590532	7.562854861590531
0.0	7.793593480788665	7.793593480788665
0.0	7.752692253508819	7.752692253508819
0.0	7.481509875691592	7.481509875691592
0.0	8.07512404642294	8.07512404642294
0.0	8.086478299503117	8.086478299503117
0.0	7.8955715065443135	7.895571506544314
-0.0	7.611910368127441	7.6119103681274405
0.0	7.996156396312556	7.996156396312556
-0.0	8.257999805002225	8.257999805002223
0.0	8.028920661398152	8.028920661398152
0.0	7.85302097080527	7.85302097080527
0.0	7.911003698464517	7.911003698464517
0.0	8.008679379228019	8.008679379228019
-0.0	7.729080940975604	7.729080940975603
0.0	7.892389375654949	7.892389375654949
0.0	8.158701556113662	8.158701556113662
0.0	7.874056639268062	7.874056639268063
0.0	7.945896304173458	7.945896304173458
0.0	7.556817961400586	7.556817961400586
0.0	7.810041466604855	7.810041466604856
0.0	7.859718365527277	7.859718365527278
0.0	7.599861690604531	7.599861690604531
-0.0	8.025722474657545	8.025722474657544
0.0	7.967140213037342	7.967140213037342
0.0	7.806781532830621	7.806781532830621
0.0	7.739625521440576	7.739625521440576
-0.0	7.4345954153468785	7.434595415346878
0.0	8.228566769136409	8.228566769136409
-0.0	7.6431895657435085	7.643189565743508
0.0	8.164812836834056	8.164812836834056
0.0	7.768561436730359	7.768561436730359
-0.0	7.384628747857783	7.384628747857781
0.0	7.547699471852671	7.547699471852671
0.0	7.905630981618968	7.905630981618968
0.0	7.729606082377721	7.729606082377723
0.3695	8.050304748683585	8.080050770292992
0.0	7.784156543008543	7.784156543008543
0.0	7.711384858950915	7.7113848589509155
0.0	7.755684734507824	7.755684734507826
0.0	7.901320628506417	7.901320628506417
0.0	7.917327294602678	7.917327294602678
-0.0	7.6279318846473165	7.627931884647316
0.0	7.8314267574212	7.8314267574212
0.0	8.187349730090881	8.187349730090881
0.0	7.635362090288298	7.635362090288299
0.0	7.161732674578044	7.161732674578045
0.0	7.840780090649087	7.840780090649087
0.0	7.987672504380103	7.987672504380104
-0.0	7.890816221695953	7.890816221695952
0.0	7.618729003730332	7.618729003730332
-0.0	7.672726076088672	7.672726076088671
0.0	7.824349719117384	7.824349719117384
0.0	7.649131402900798	7.649131402900798
0.0	7.804652497561086	7.804652497561086
-0.0	7.920372791881172	7.920372791881171
0.0	7.736014520553697	7.736014520553698
0.0	7.874959921919542	7.874959921919544
0.0	7.440920648608629	7.440920648608629
0.0	7.948236018554381	7.948236018554381
0.0	7.973054161336895	7.973054161336895
0.0	7.8912964480260435	7.8912964480260435
-0.0	7.731477910948962	7.731477910948961
0.0	7.007351133886757	7.007351133886758
-0.0	7.394624376056592	7.3946243760565915
0.0	7.869545274499316	7.869545274499316
0.0	8.14897072181612	8.14897072181612
0.0	7.492632750064113	7.492632750064113
-0.0	7.729915525108102	7.7299155251081
0.0	7.67794827647657	7.67794827647657
0.0	7.50721709740417	7.50721709740417
0.0	7.486525850274399	7.4865258502744005
0.0	7.888239664212381	7.888239664212381
0.0	7.657057650962163	7.657057650962163
-0.0	7.979736817893455	7.979736817893454
-0.0	7.808501122617056	7.808501122617055
-0.0	8.097662077953979	8.097662077953977
0.0	8.008656057847835	8.008656057847837
0.0	7.566944330377219	7.56694433037722
0.02659	7.789426543774412	7.791497420933302
0.0	7.389950677644098	7.389950677644098
0.0	7.812945779940076	7.812945779940077
0.0	7.612442747797455	7.612442747797456
0.0	7.731315362426358	7.731315362426358
-0.0	7.78124890907953	7.781248909079529
0.0	7.779029499103252	7.7790294991032525
-0.0	7.4108159747866456	7.410815974786645
0.0	7.751343456816466	7.751343456816466
0.0	7.277571655734096	7.277571655734098
0.0	7.797813895462182	7.797813895462183
0.0	7.714442814434098	7.714442814434098
0.0	7.768740963904378	7.768740963904378
0.0	7.98968640666262	7.98968640666262
-0.0	7.58315639627315	7.583156396273149
-0.0	7.758951622483159	7.758951622483158
0.0	7.876612978809974	7.876612978809974
0.0	7.467469765011878	7.46746976501188
0.0	7.764666498677779	7.764666498677779
0.0	8.043586730335349	8.04358673033535
0.0	8.154615561028763	8.154615561028765
0.0	7.667262712373441	7.667262712373441
-0.0	7.680061832847753	7.680061832847751
-0.0	8.09723857838552	8.097238578385518
0.0	7.682297237483686	7.682297237483687
0.0	7.9052029121967	7.9052029121967005
-0.0	8.006812259676831	8.00681225967683
0.0	7.674471808164844	7.674471808164845
0.0	7.891996542496258	7.891996542496259
0.0	7.840837246512204	7.840837246512204
-0.0	7.902444544841906	7.902444544841904
0.0	7.400499493286657	7.400499493286659
0.0	7.6751524626931324	7.675152462693134
0.0	8.045244320440192	8.045244320440192
-0.0	8.20674635541069	8.206746355410688
-0.0	7.864042851903693	7.864042851903692
-0.0	8.039041891411866	8.039041891411864
-0.0	8.160982109416157	8.160982109416153
-0.0	7.2260608822114465	7.226060882211446
-0.0	7.829011157596976	7.829011157596974
0.0	8.13619130210243	8.13619130210243
0.0	7.754435315287011	7.754435315287011
-0.0	8.060341463959514	8.060341463959512
0.0	7.452799792673624	7.452799792673624
0.0	7.651885556067834	7.651885556067834
-0.0	7.77560127803498	7.775601278034978
-0.0	8.140407913104386	8.140407913104385
0.0	7.561385850620926	7.561385850620926
0.0	7.31506335868148	7.315063358681482
-0.0	7.491106881844511	7.491106881844509
0.07051	7.153155137451056	7.158199112144199
0.0	7.867824068751701	7.867824068751701
-0.0	7.851174382123913	7.851174382123912
0.0	8.087290534747297	8.087290534747297
0.0	8.021995052422628	8.02199505242263
0.0	7.828166107722931	7.828166107722931
0.0	7.527524597868913	7.527524597868913
0.0	8.078831930383007	8.078831930383009
0.0	7.3241746688944644	7.324174668894466
-0.0	7.853219703094918	7.853219703094917
0.0	7.31458791918727	7.314587919187271
0.0	7.632569378811421	7.632569378811421
-0.0	8.104372023651912	8.10437202365191
0.03149	7.921013105374747	7.9235072774571655
0.0	7.628908394816703	7.628908394816703
0.0	7.72672135324206	7.726721353242062
0.0	7.681163030890509	7.6811630308905094
0.0	7.793450384645052	7.793450384645053
0.0	7.9452872268251555	7.9452872268251555
0.0	7.969290778817552	7.969290778817553
0.0	7.932281182761763	7.932281182761763
0.0	7.932177977255744	7.932177977255745
0.0	7.5725198172976596	7.57251981729766
0.0	7.3662267294376385	7.366226729437639
0.0	7.405689314913889	7.405689314913889
0.0	7.452779296088688	7.452779296088688
-0.0	7.936379462611129	7.936379462611128
0.0	7.578961138328275	7.578961138328275
-0.0	7.668441158570721	7.66844115857072
-0.0	7.962328149921013	7.962328149921012
0.0	7.876606261604314	7.876606261604314
0.0	7.790949577723685	7.790949577723685
-0.0	8.076158826624756	8.076158826624754
-0.0	7.394210161036674	7.394210161036673
-0.0	7.806161163595508	7.806161163595507
-0.0	7.94572089196629	7.945720891966289
0.0	7.445157272656118	7.445157272656118
0.0	7.93931587394515	7.939315873945151
-0.0	7.796224925291786	7.796224925291785
0.0	7.80166046970334	7.801660469703341
0.00805	7.698635929884273	7.699255542772934
0.0	7.43475645256135	7.43475645256135
0.0	7.926224932747451	7.926224932747452
0.0	7.797057796356435	7.797057796356435
0.0	7.781328298267391	7.781328298267391
0.0	7.7806327613984045	7.7806327613984045
0.38148	7.3134667003231995	7.341366364727934
-0.0	7.7387345847353215	7.738734584735321
0.0	7.815258356533566	7.815258356533566
-0.0	7.328288523470639	7.328288523470638
0.72616	7.609624759041967	7.664882905637754
0.0	7.705149599122639	7.705149599122639
0.0	7.960701279898911	7.960701279898911
-0.0	7.641666737016488	7.641666737016487
0.0	8.004809231230093	8.004809231230093
0.0	7.583402508394546	7.583402508394547
-0.0	7.55299198639071	7.552991986390709
0.0	7.709563659750442	7.709563659750442
0.0	7.950755098973819	7.95075509897382
0.0	7.851787427955273	7.851787427955274
0.0	7.448029800005175	7.448029800005175
0.0	8.056044610811096	8.056044610811098
0.0	7.614888695959859	7.614888695959859
0.0	7.3379615098415485	7.3379615098415485
-0.0	7.818234940499915	7.818234940499914
0.0	7.857117966753337	7.857117966753337
-0.0	8.187987746842715	8.187987746842714
0.0	7.966735281902968	7.966735281902968
0.0	7.6322098050447025	7.6322098050447025
0.0	7.873798677582894	7.873798677582894
0.0	8.10711234079048	8.10711234079048
-0.0	7.78430926037851	7.784309260378509
0.0	7.51155856731436	7.51155856731436
0.0	7.581730707503603	7.581730707503604
0.0	8.041342640445011	8.041342640445011
0.0	7.569545064440324	7.569545064440325
0.0	7.407653117170833	7.407653117170833
0.0	7.826702753954723	7.826702753954723
-0.0	7.57104472395543	7.5710447239554295
-0.0	7.463047479621279	7.463047479621278
0.0	8.36398571015036	8.363985710150361
-0.0	8.343038553954546	8.343038553954544
0.0	7.9127393007168045	7.9127393007168045
0.0	7.917089534523547	7.917089534523549
-0.0	7.895182384435636	7.8951823844356355
0.37461	7.997172759819677	8.027131026191258
-0.0	7.779248911534445	7.779248911534444
0.0	7.692690742342902	7.692690742342902
0.0	7.636767200962964	7.636767200962965
0.0	7.756385414112852	7.756385414112854
0.0	7.632069654646828	7.632069654646828
-0.0	7.401645619247262	7.401645619247261
0.0	7.288200073712	7.288200073712
0.0	7.714867105377548	7.714867105377548
0.0	7.952998128404135	7.952998128404136
0.0	7.250353664847258	7.250353664847258
-0.0	7.589251094541403	7.589251094541402
-0.0	7.949200447896325	7.949200447896324
0.0	7.884179911288911	7.884179911288911
-0.0	7.950953792433544	7.950953792433543
-0.0	7.40424931046304	7.404249310463039
-0.0	7.053854500191786	7.053854500191785
0.0	7.807950368312541	7.807950368312542
-0.0	8.42171125554211	8.421711255542109
-0.0	7.79163088913536	7.791630889135358
0.0	7.977332587522793	7.977332587522793
-0.0	7.728131976867493	7.728131976867492
0.0	7.920795571591003	7.920795571591003
-0.0	7.570044849245763	7.570044849245762
0.0	7.812639964439528	7.812639964439528
0.11402	7.548919202235373	7.557526451894888
0.0	7.613045883315252	7.613045883315252
-0.0	7.496741203195971	7.49674120319597
0.0	7.922612845143037	7.922612845143038
0.00447	8.077238080885197	8.077599486636334
0.0265	7.928905190637904	7.931006427622545
-0.0	7.929656038036585	7.929656038036583
-0.0	7.589033567904092	7.589033567904091
0.0	7.987959485537303	7.987959485537304
-0.0	7.432369544051632	7.432369544051631
0.0	7.795971305073404	7.7959713050734045
-0.0	7.838077938591241	7.8380779385912405
-0.0	8.088245013485825	8.088245013485823
0.0	7.679236963668663	7.679236963668663
0.04391	7.6959222750999	7.699301418781658
-0.0	8.109544815762458	8.109544815762456
0.0	7.669214717488135	7.669214717488137
0.0	8.217891085607194	8.217891085607194
0.0	7.6251557387354785	7.6251557387354785
0.0	7.748979197403366	7.748979197403367
0.0	7.706564234820738	7.706564234820739
0.0	7.512882466161536	7.512882466161536
0.0	7.777781299851446	7.777781299851446
0.0	8.076881575990697	8.076881575990699
0.0	7.419963730007327	7.419963730007328
-0.0	7.367511593019725	7.367511593019724
-0.0	7.749810774029715	7.749810774029714
0.0	7.6354349722011525	7.6354349722011525
0.0	7.351059208411159	7.35105920841116
-0.0	7.500983004911488	7.500983004911487
-0.0	7.3891131923422	7.389113192342199
0.0	7.624193917502295	7.624193917502295
0.0	7.884881939243994	7.8848819392439955
0.0	7.786758696028147	7.786758696028148
0.0	7.587985086199247	7.587985086199247
0.06942	8.22165366458195	8.227361392108923
0.0	7.513805365406267	7.513805365406267
0.0	7.874001365214627	7.874001365214628
-0.0	7.763709901456366	7.763709901456365
0.0	7.813610888495612	7.813610888495612
0.0	7.64307568629785	7.643075686297851
0.0	7.819155076738372	7.819155076738372
0.0	7.835291503020777	7.835291503020777
0.0	7.86446422610714	7.864464226107141
-0.0	7.858889505111604	7.858889505111603
-0.0	7.87271485322626	7.872714853226259
-0.0	7.574918957651738	7.574918957651737
0.0	7.404129031168026	7.404129031168026
0.0	7.798719688481407	7.798719688481407
-0.0	7.568718185936435	7.568718185936434
-0.0	8.166143247641617	8.166143247641616
0.0	7.834224519935631	7.834224519935631
0.0	7.823198272236971	7.823198272236972
0.39437	7.2095086126896035	7.237940808765701
0.0	7.8306624476935625	7.830662447693564
0.0	7.892607575944795	7.892607575944796
0.0	7.724634370874873	7.724634370874873
-0.0	7.633580319845402	7.633580319845401
0.0	7.721249237750129	7.72124923775013
-0.0	7.491194899705722	7.491194899705721
0.0	7.846792989266255	7.846792989266256
0.0	7.151000395587161	7.151000395587161
-0.0	7.721121013498744	7.721121013498743
0.0	7.65378015938105	7.653780159381051
0.0	7.824319160347214	7.824319160347214
-0.0	7.640221530771271	7.64022153077127
0.0	7.898999218495398	7.898999218495398
0.0	7.896228085465962	7.896228085465962
0.0	7.924165394904046	7.924165394904046
-0.0	7.810650327951354	7.810650327951353
-0.0	7.958602295779249	7.958602295779248
0.0	7.791034075745393	7.791034075745395
0.0	7.719834233516859	7.719834233516859
0.0	7.659877349315926	7.659877349315926
0.0	7.574611374853193	7.574611374853195
0.0	7.971579691935513	7.9715796919355135
-0.0	7.561124423151263	7.561124423151262
0.0808	7.930904966067951	7.937313094551766
0.0	8.00166638102981	8.001666381029812
0.0	7.674025417585736	7.674025417585737
0.0	7.9246780750566685	7.924678075056669
0.0	7.687570261856652	7.687570261856652
-0.0	8.169602459591916	8.169602459591914
0.02181	7.79810408675074	7.799804792166672
0.0	7.80990211253273	7.809902112532731
0.0	8.060867886281319	8.060867886281319
0.0	8.09699546830715	8.09699546830715
0.0	8.005180508255044	8.005180508255046
0.0	7.799340448861704	7.799340448861704
0.0	7.741467226412843	7.741467226412843
0.0	7.7249434141309905	7.7249434141309905
0.0	7.619580378357883	7.619580378357884
0.0	7.899113982029224	7.899113982029224
0.0	7.744677197522888	7.744677197522888
-0.0	7.541019759624105	7.5410197596241035
0.0	7.346074396226561	7.346074396226561
-0.0	7.766963178108195	7.7669631781081945
-0.0	7.852062291312899	7.852062291312898
-0.0	7.829311353387587	7.829311353387586
-0.0	7.531176821434098	7.531176821434097
0.0	7.844490033442435	7.844490033442436
0.0	7.292322518304552	7.2923225183045535
0.0	7.706319082525036	7.706319082525039
0.0	7.66832643821982	7.66832643821982
0.0	7.89669109551371	7.89669109551371
0.0	7.62393756176633	7.623937561766332
-0.0	7.839725429798834	7.8397254297988335
0.0	7.727844097958832	7.727844097958833
0.0	8.26066279311191	8.26066279311191
0.0	7.951887761243709	7.951887761243709
0.0	7.397371195973589	7.397371195973589
-0.0	7.843346955509954	7.843346955509953
0.0	7.731486566986089	7.7314865669860895
0.0	7.780595830928872	7.780595830928872
-0.0	7.760676472067048	7.760676472067047
0.0	8.066793070913741	8.066793070913743
0.0	7.487823095873079	7.487823095873079
-0.0	7.942681808554794	7.942681808554792
0.06353	8.12046777666992	8.125626696622088
-0.0	7.562379376584822	7.562379376584821
0.0	7.550473752771207	7.550473752771207
-0.0	7.662025326406064	7.662025326406063
0.0	7.807783745804889	7.807783745804889
0.0	7.5149545288977135	7.5149545288977135
0.0	8.02075616627467	8.02075616627467
-0.0	7.690534566140181	7.6905345661401805
0.0	7.529115277781325	7.529115277781325
0.03728	7.346136068187712	7.348874542236951
0.0	7.899124136269764	7.899124136269764
0.0	8.078951327709929	8.078951327709929
0.0	7.61482063587194	7.61482063587194
-0.0	7.6398982982375525	7.639898298237552
0.0	7.594203520312969	7.59420352031297
-0.0	7.899306685604659	7.8993066856046585
-0.0	7.96505913495729	7.965059134957289
0.0	7.57775473204889	7.57775473204889
0.0	7.624335643203585	7.624335643203585
0.0	7.50976550994219	7.50976550994219
0.0	7.869507763117354	7.869507763117354
0.01546	7.891820083607147	7.893040234618627
0.8683	7.666870872276991	7.733442429021329
