Average gap is: 0.00000 timecost: 225.334; Average global distance: 5.71704, local distance: 5.71704
-0.0	5.748562144777299	5.748562144777297
-0.0	5.748562144777299	5.748562144777297
-0.0	5.748562144777299	5.748562144777297
-0.0	5.748562144777299	5.748562144777297
-0.0	5.748562144777299	5.748562144777297
-0.0	5.748562144777299	5.748562144777297
-0.0	5.748562144777299	5.748562144777297
-0.0	5.748562144777299	5.748562144777297
0.0	5.700517396266528	5.70051739626653
0.0	5.700517396266528	5.70051739626653
0.0	5.700517396266528	5.70051739626653
0.0	5.700517396266528	5.70051739626653
0.0	5.700517396266528	5.70051739626653
0.0	5.700517396266528	5.70051739626653
-0.0	5.582792339969104	5.582792339969103
0.0	5.700517396266528	5.70051739626653
0.0	5.700517396266528	5.70051739626653
-0.0	5.582792339969104	5.582792339969103
-0.0	5.582792339969104	5.582792339969103
-0.0	5.582792339969104	5.582792339969103
-0.0	5.582792339969104	5.582792339969103
-0.0	5.582792339969104	5.582792339969103
0.0	5.553038336706909	5.55303833670691
-0.0	5.582792339969104	5.582792339969103
-0.0	5.582792339969104	5.582792339969103
0.0	5.553038336706909	5.55303833670691
0.0	5.553038336706909	5.55303833670691
0.0	5.553038336706909	5.55303833670691
0.0	5.553038336706909	5.55303833670691
-0.0	5.533211792473618	5.533211792473617
0.0	5.553038336706909	5.55303833670691
0.0	5.553038336706909	5.55303833670691
0.0	5.553038336706909	5.55303833670691
0.0	5.828457966721076	5.828457966721077
-0.0	5.533211792473618	5.533211792473617
-0.0	5.533211792473618	5.533211792473617
-0.0	5.533211792473618	5.533211792473617
-0.0	5.533211792473618	5.533211792473617
-0.0	5.533211792473618	5.533211792473617
0.0	5.2711364517261785	5.271136451726179
-0.0	5.533211792473618	5.533211792473617
-0.0	5.533211792473618	5.533211792473617
0.0	5.828457966721076	5.828457966721077
0.0	5.828457966721076	5.828457966721077
0.0	5.828457966721076	5.828457966721077
0.0	5.828457966721076	5.828457966721077
0.0	5.828457966721076	5.828457966721077
0.0	5.828457966721076	5.828457966721077
0.0	5.828457966721076	5.828457966721077
0.0	5.2711364517261785	5.271136451726179
0.0	5.2711364517261785	5.271136451726179
0.0	5.453296589963959	5.453296589963959
0.0	5.2711364517261785	5.271136451726179
0.0	5.2711364517261785	5.271136451726179
0.0	5.2711364517261785	5.271136451726179
0.0	5.2711364517261785	5.271136451726179
0.0	5.2711364517261785	5.271136451726179
0.0	5.453296589963959	5.453296589963959
0.0	5.453296589963959	5.453296589963959
0.0	5.697939578751093	5.697939578751095
0.0	5.453296589963959	5.453296589963959
0.0	5.453296589963959	5.453296589963959
0.0	5.453296589963959	5.453296589963959
0.0	5.453296589963959	5.453296589963959
0.0	5.453296589963959	5.453296589963959
0.0	5.697939578751093	5.697939578751095
0.0	5.353723683441931	5.353723683441932
0.0	5.697939578751093	5.697939578751095
0.0	5.353723683441931	5.353723683441932
-0.0	5.722485770773639	5.722485770773637
0.0	5.697939578751093	5.697939578751095
0.0	5.697939578751093	5.697939578751095
0.0	5.697939578751093	5.697939578751095
0.0	5.697939578751093	5.697939578751095
-0.0	5.722485770773639	5.722485770773637
0.0	5.353723683441931	5.353723683441932
0.0	5.697939578751093	5.697939578751095
0.0	5.623024039996262	5.623024039996263
0.0	5.353723683441931	5.353723683441932
0.0	5.353723683441931	5.353723683441932
0.0	5.353723683441931	5.353723683441932
-0.0	5.722485770773639	5.722485770773637
0.0	5.623024039996262	5.623024039996263
0.0	5.353723683441931	5.353723683441932
0.0	5.353723683441931	5.353723683441932
-0.0	5.722485770773639	5.722485770773637
-0.0	5.722485770773639	5.722485770773637
0.0	5.623024039996262	5.623024039996263
-0.0	5.722485770773639	5.722485770773637
0.0	6.462767569283811	6.462767569283811
-0.0	5.722485770773639	5.722485770773637
-0.0	5.722485770773639	5.722485770773637
0.0	5.623024039996262	5.623024039996263
0.0	6.462767569283811	6.462767569283811
0.0	5.623024039996262	5.623024039996263
0.0	5.623024039996262	5.623024039996263
0.0	5.623024039996262	5.623024039996263
0.0	5.623024039996262	5.623024039996263
0.0	5.657424075114467	5.657424075114467
0.0	6.462767569283811	6.462767569283811
0.0	6.462767569283811	6.462767569283811
0.0	5.657424075114467	5.657424075114467
0.0	6.462767569283811	6.462767569283811
0.0	6.462767569283811	6.462767569283811
0.0	5.657424075114467	5.657424075114467
0.0	6.134702610603223	6.134702610603224
0.0	5.657424075114467	5.657424075114467
0.0	6.462767569283811	6.462767569283811
0.0	6.462767569283811	6.462767569283811
0.0	6.134702610603223	6.134702610603224
0.0	5.657424075114467	5.657424075114467
-0.0	5.620045617248366	5.6200456172483655
0.0	5.657424075114467	5.657424075114467
0.0	6.134702610603223	6.134702610603224
-0.0	5.620045617248366	5.6200456172483655
0.0	6.134702610603223	6.134702610603224
0.0	5.657424075114467	5.657424075114467
0.0	5.657424075114467	5.657424075114467
-0.0	5.620045617248366	5.6200456172483655
0.0	6.134702610603223	6.134702610603224
0.0	6.134702610603223	6.134702610603224
-0.0	5.620045617248366	5.6200456172483655
0.0	5.88654894286014	5.8865489428601405
-0.0	5.620045617248366	5.6200456172483655
0.0	5.88654894286014	5.8865489428601405
0.0	6.134702610603223	6.134702610603224
0.0	6.134702610603223	6.134702610603224
0.0	5.88654894286014	5.8865489428601405
-0.0	5.620045617248366	5.6200456172483655
0.0	5.88654894286014	5.8865489428601405
-0.0	5.620045617248366	5.6200456172483655
0.0	5.737369097590274	5.737369097590275
-0.0	5.620045617248366	5.6200456172483655
0.0	5.88654894286014	5.8865489428601405
0.0	5.737369097590274	5.737369097590275
0.0	5.88654894286014	5.8865489428601405
0.0	5.737369097590274	5.737369097590275
0.0	5.7385643174568415	5.738564317456843
0.0	5.737369097590274	5.737369097590275
0.0	5.88654894286014	5.8865489428601405
0.0	5.88654894286014	5.8865489428601405
0.0	5.7385643174568415	5.738564317456843
0.0	5.737369097590274	5.737369097590275
-0.0	5.892290073668459	5.892290073668457
0.0	5.7385643174568415	5.738564317456843
0.0	5.7385643174568415	5.738564317456843
-0.0	5.892290073668459	5.892290073668457
0.0	5.737369097590274	5.737369097590275
0.0	5.590926378011552	5.590926378011552
0.0	5.7385643174568415	5.738564317456843
-0.0	5.892290073668459	5.892290073668457
0.0	5.737369097590274	5.737369097590275
-0.0	5.892290073668459	5.892290073668457
0.0	5.737369097590274	5.737369097590275
0.0	5.590926378011552	5.590926378011552
0.0	5.7385643174568415	5.738564317456843
-0.0	5.892290073668459	5.892290073668457
0.0	5.862113039993307	5.862113039993307
0.0	5.7385643174568415	5.738564317456843
0.0	5.590926378011552	5.590926378011552
0.0	5.7385643174568415	5.738564317456843
0.0	5.590926378011552	5.590926378011552
-0.0	5.892290073668459	5.892290073668457
0.0	5.862113039993307	5.862113039993307
0.0	5.453694387442382	5.453694387442382
0.0	5.590926378011552	5.590926378011552
-0.0	5.892290073668459	5.892290073668457
0.0	5.453694387442382	5.453694387442382
-0.0	5.892290073668459	5.892290073668457
0.0	5.862113039993307	5.862113039993307
0.0	5.590926378011552	5.590926378011552
0.0	5.862113039993307	5.862113039993307
0.0	5.453694387442382	5.453694387442382
0.0	5.590926378011552	5.590926378011552
0.0	5.862113039993307	5.862113039993307
0.0	5.590926378011552	5.590926378011552
0.0	5.570005901324233	5.570005901324235
0.0	5.453694387442382	5.453694387442382
0.0	5.862113039993307	5.862113039993307
0.0	5.570005901324233	5.570005901324235
0.0	5.453694387442382	5.453694387442382
0.0	5.862113039993307	5.862113039993307
0.0	5.453694387442382	5.453694387442382
0.0	5.862113039993307	5.862113039993307
0.0	5.570005901324233	5.570005901324235
0.0	5.590462686127393	5.590462686127395
0.0	5.453694387442382	5.453694387442382
0.0	5.453694387442382	5.453694387442382
0.0	5.570005901324233	5.570005901324235
0.0	5.590462686127393	5.590462686127395
0.0	6.080277468347575	6.0802774683475755
0.0	5.570005901324233	5.570005901324235
0.0	6.080277468347575	6.0802774683475755
0.0	5.570005901324233	5.570005901324235
0.0	5.590462686127393	5.590462686127395
-0.0	5.56798801413586	5.5679880141358575
-0.0	5.56798801413586	5.5679880141358575
0.0	5.570005901324233	5.570005901324235
0.0	5.856683382605883	5.856683382605884
0.0	6.080277468347575	6.0802774683475755
0.0	5.570005901324233	5.570005901324235
0.0	5.590462686127393	5.590462686127395
0.0	5.856683382605883	5.856683382605884
0.0	5.590462686127393	5.590462686127395
-0.0	5.56798801413586	5.5679880141358575
0.0	5.590462686127393	5.590462686127395
-0.0	5.075966568247519	5.075966568247517
0.0	6.080277468347575	6.0802774683475755
0.0	5.856683382605883	5.856683382605884
0.0	6.080277468347575	6.0802774683475755
-0.0	5.075966568247519	5.075966568247517
0.0	6.080277468347575	6.0802774683475755
-0.0	5.56798801413586	5.5679880141358575
0.0	5.590462686127393	5.590462686127395
-0.0	5.56798801413586	5.5679880141358575
-0.0	5.075966568247519	5.075966568247517
-0.0	5.793565208453423	5.793565208453422
-0.0	5.56798801413586	5.5679880141358575
0.0	5.590462686127393	5.590462686127395
-0.0	5.793565208453423	5.793565208453422
0.0	5.856683382605883	5.856683382605884
0.0	6.080277468347575	6.0802774683475755
0.0	5.856683382605883	5.856683382605884
0.0	5.856683382605883	5.856683382605884
-0.0	5.793565208453423	5.793565208453422
0.0	6.080277468347575	6.0802774683475755
0.0	5.523351681273698	5.523351681273698
-0.0	5.56798801413586	5.5679880141358575
-0.0	5.075966568247519	5.075966568247517
0.0	5.523351681273698	5.523351681273698
-0.0	5.075966568247519	5.075966568247517
-0.0	5.56798801413586	5.5679880141358575
0.0	5.43371507495947	5.43371507495947
0.0	5.523351681273698	5.523351681273698
-0.0	5.075966568247519	5.075966568247517
0.0	5.856683382605883	5.856683382605884
0.0	5.856683382605883	5.856683382605884
-0.0	5.793565208453423	5.793565208453422
0.0	5.43371507495947	5.43371507495947
0.0	5.43371507495947	5.43371507495947
-0.0	5.793565208453423	5.793565208453422
-0.0	5.5799926901791075	5.579992690179107
-0.0	5.793565208453423	5.793565208453422
-0.0	5.5799926901791075	5.579992690179107
-0.0	5.075966568247519	5.075966568247517
0.0	5.523351681273698	5.523351681273698
-0.0	5.075966568247519	5.075966568247517
-0.0	5.536024623704703	5.536024623704702
-0.0	5.5799926901791075	5.579992690179107
-0.0	5.536024623704703	5.536024623704702
0.0	5.523351681273698	5.523351681273698
0.0	5.43371507495947	5.43371507495947
-0.0	5.536024623704703	5.536024623704702
-0.0	5.793565208453423	5.793565208453422
0.0	5.523351681273698	5.523351681273698
-0.0	5.927006062066789	5.927006062066787
-0.0	5.793565208453423	5.793565208453422
-0.0	5.927006062066789	5.927006062066787
0.0	5.43371507495947	5.43371507495947
-0.0	5.5799926901791075	5.579992690179107
0.0	5.43371507495947	5.43371507495947
0.0	5.523351681273698	5.523351681273698
0.0	5.619614299766593	5.619614299766593
0.0	5.619614299766593	5.619614299766593
-0.0	5.927006062066789	5.927006062066787
-0.0	5.536024623704703	5.536024623704702
0.0	5.523351681273698	5.523351681273698
-0.0	5.5799926901791075	5.579992690179107
0.0	5.43371507495947	5.43371507495947
-0.0	6.141627477592138	6.141627477592136
-0.0	6.141627477592138	6.141627477592136
0.0	5.619614299766593	5.619614299766593
-0.0	5.5799926901791075	5.579992690179107
-0.0	5.927006062066789	5.927006062066787
-0.0	5.536024623704703	5.536024623704702
0.0	5.43371507495947	5.43371507495947
0.0	6.1376692369320125	6.1376692369320125
-0.0	5.536024623704703	5.536024623704702
-0.0	5.5799926901791075	5.579992690179107
0.0	6.1376692369320125	6.1376692369320125
0.0	5.619614299766593	5.619614299766593
-0.0	6.141627477592138	6.141627477592136
-0.0	5.536024623704703	5.536024623704702
-0.0	5.927006062066789	5.927006062066787
0.0	5.677551360684193	5.677551360684195
0.0	5.677551360684193	5.677551360684195
-0.0	6.141627477592138	6.141627477592136
-0.0	5.5799926901791075	5.579992690179107
0.0	6.1376692369320125	6.1376692369320125
-0.0	5.927006062066789	5.927006062066787
-0.0	5.983072572006528	5.9830725720065265
-0.0	5.536024623704703	5.536024623704702
-0.0	5.927006062066789	5.927006062066787
0.0	5.619614299766593	5.619614299766593
0.0	6.1376692369320125	6.1376692369320125
-0.0	5.983072572006528	5.9830725720065265
0.0	5.677551360684193	5.677551360684195
0.0	5.619614299766593	5.619614299766593
-0.0	5.806775004996258	5.806775004996257
0.0	5.619614299766593	5.619614299766593
0.0	5.677551360684193	5.677551360684195
-0.0	6.141627477592138	6.141627477592136
-0.0	5.806775004996258	5.806775004996257
-0.0	5.927006062066789	5.927006062066787
-0.0	5.983072572006528	5.9830725720065265
-0.0	6.141627477592138	6.141627477592136
-0.0	5.983072572006528	5.9830725720065265
-0.0	6.141627477592138	6.141627477592136
0.0	6.1376692369320125	6.1376692369320125
0.0	5.794287326732282	5.794287326732284
0.0	5.619614299766593	5.619614299766593
-0.0	5.806775004996258	5.806775004996257
0.0	6.1376692369320125	6.1376692369320125
-0.0	5.6000562915975545	5.600056291597554
-0.0	5.806775004996258	5.806775004996257
0.0	5.794287326732282	5.794287326732284
0.0	6.1376692369320125	6.1376692369320125
0.0	5.677551360684193	5.677551360684195
-0.0	6.141627477592138	6.141627477592136
0.0	5.677551360684193	5.677551360684195
0.0	5.808016958433591	5.808016958433592
-0.0	5.6000562915975545	5.600056291597554
0.0	5.677551360684193	5.677551360684195
0.0	5.794287326732282	5.794287326732284
-0.0	5.983072572006528	5.9830725720065265
-0.0	5.983072572006528	5.9830725720065265
0.0	6.1376692369320125	6.1376692369320125
0.0	5.808016958433591	5.808016958433592
-0.0	5.6000562915975545	5.600056291597554
0.0	5.794287326732282	5.794287326732284
-0.0	5.983072572006528	5.9830725720065265
-0.0	5.806775004996258	5.806775004996257
-0.0	5.806775004996258	5.806775004996257
0.0	5.677551360684193	5.677551360684195
0.0	5.808016958433591	5.808016958433592
-0.0	5.6000562915975545	5.600056291597554
-0.0	5.806775004996258	5.806775004996257
-0.0	5.983072572006528	5.9830725720065265
0.0	5.808016958433591	5.808016958433592
0.0	5.794287326732282	5.794287326732284
0.0	5.794287326732282	5.794287326732284
-0.0	5.6000562915975545	5.600056291597554
-0.0	5.806775004996258	5.806775004996257
-0.0	5.6000562915975545	5.600056291597554
0.0	5.794287326732282	5.794287326732284
0.0	5.808016958433591	5.808016958433592
0.0	5.808016958433591	5.808016958433592
-0.0	5.6000562915975545	5.600056291597554
0.0	5.794287326732282	5.794287326732284
0.0	5.808016958433591	5.808016958433592
-0.0	5.6000562915975545	5.600056291597554
0.0	5.808016958433591	5.808016958433592
0.0	5.819424733958589	5.81942473395859
0.0	5.581877290443914	5.5818772904439165
0.0	5.819424733958589	5.81942473395859
0.0	6.019525459178002	6.019525459178002
0.0	5.581877290443914	5.5818772904439165
-0.0	5.288243569839109	5.288243569839107
0.0	6.019525459178002	6.019525459178002
0.0	6.001175272085013	6.001175272085014
-0.0	5.288243569839109	5.288243569839107
0.0	5.819424733958589	5.81942473395859
-0.0	5.665585604919936	5.665585604919935
0.0	5.819424733958589	5.81942473395859
0.0	6.001175272085013	6.001175272085014
0.0	5.581877290443914	5.5818772904439165
0.0	5.581877290443914	5.5818772904439165
0.0	5.7730659567849765	5.7730659567849765
-0.0	5.665585604919936	5.665585604919935
0.0	6.019525459178002	6.019525459178002
0.0	6.019525459178002	6.019525459178002
0.0	5.819424733958589	5.81942473395859
0.0	5.146559696966193	5.146559696966193
-0.0	5.288243569839109	5.288243569839107
0.0	5.7730659567849765	5.7730659567849765
-0.0	5.288243569839109	5.288243569839107
0.0	5.535334586745142	5.535334586745142
0.0	5.581877290443914	5.5818772904439165
0.0	6.001175272085013	6.001175272085014
0.0	5.819424733958589	5.81942473395859
0.0	6.001175272085013	6.001175272085014
0.0	5.146559696966193	5.146559696966193
-0.0	5.841606628589972	5.84160662858997
0.0	6.019525459178002	6.019525459178002
-0.0	5.665585604919936	5.665585604919935
0.0	5.535334586745142	5.535334586745142
0.0	5.581877290443914	5.5818772904439165
-0.0	5.665585604919936	5.665585604919935
0.0	5.819424733958589	5.81942473395859
-0.0	5.288243569839109	5.288243569839107
0.0	6.019525459178002	6.019525459178002
0.0	5.7730659567849765	5.7730659567849765
-0.0	5.841606628589972	5.84160662858997
0.0	5.819424733958589	5.81942473395859
-0.0	5.777827127213623	5.777827127213622
0.0	5.581877290443914	5.5818772904439165
0.0	5.7730659567849765	5.7730659567849765
0.0	6.001175272085013	6.001175272085014
-0.0	5.288243569839109	5.288243569839107
0.0	5.581877290443914	5.5818772904439165
0.0	5.146559696966193	5.146559696966193
0.0	5.558434647584762	5.558434647584764
0.0	6.019525459178002	6.019525459178002
0.0	5.535334586745142	5.535334586745142
0.0	5.146559696966193	5.146559696966193
0.0	6.001175272085013	6.001175272085014
0.0	6.019525459178002	6.019525459178002
0.0	5.535334586745142	5.535334586745142
-0.0	5.665585604919936	5.665585604919935
0.0	5.648900707210898	5.648900707210899
-0.0	5.288243569839109	5.288243569839107
-0.0	5.841606628589972	5.84160662858997
-0.0	5.777827127213623	5.777827127213622
-0.0	5.841606628589972	5.84160662858997
-0.0	5.288243569839109	5.288243569839107
-0.0	5.665585604919936	5.665585604919935
0.0	6.001175272085013	6.001175272085014
0.0	5.860248504049427	5.860248504049427
0.0	5.558434647584762	5.558434647584764
0.0	5.7730659567849765	5.7730659567849765
0.0	6.001175272085013	6.001175272085014
-0.0	5.777827127213623	5.777827127213622
0.0	5.648900707210898	5.648900707210899
-0.0	5.665585604919936	5.665585604919935
0.0	5.7730659567849765	5.7730659567849765
-0.0	5.777827127213623	5.777827127213622
0.0	5.558434647584762	5.558434647584764
0.0	5.146559696966193	5.146559696966193
-0.0	5.665585604919936	5.665585604919935
0.0	5.648900707210898	5.648900707210899
0.0	5.558434647584762	5.558434647584764
0.0	5.860248504049427	5.860248504049427
0.0	5.535334586745142	5.535334586745142
0.0	5.146559696966193	5.146559696966193
-0.0	5.720077342436359	5.720077342436357
0.0	5.7730659567849765	5.7730659567849765
0.0	5.648900707210898	5.648900707210899
0.0	5.535334586745142	5.535334586745142
0.0	5.860248504049427	5.860248504049427
0.0	5.7730659567849765	5.7730659567849765
-0.0	5.841606628589972	5.84160662858997
0.0	5.734846108562745	5.734846108562745
0.0	5.860248504049427	5.860248504049427
0.0	5.146559696966193	5.146559696966193
-0.0	5.841606628589972	5.84160662858997
-0.0	5.720077342436359	5.720077342436357
0.0	5.888149213735903	5.888149213735904
0.0	5.146559696966193	5.146559696966193
0.0	5.535334586745142	5.535334586745142
0.0	5.535334586745142	5.535334586745142
0.0	5.734846108562745	5.734846108562745
-0.0	5.777827127213623	5.777827127213622
0.0	5.454053344566306	5.454053344566306
-0.0	5.841606628589972	5.84160662858997
-0.0	5.720077342436359	5.720077342436357
0.0	5.888149213735903	5.888149213735904
-0.0	5.720077342436359	5.720077342436357
-0.0	5.841606628589972	5.84160662858997
0.0	5.558434647584762	5.558434647584764
-0.0	5.777827127213623	5.777827127213622
-0.0	5.575636123273185	5.575636123273184
0.0	5.454053344566306	5.454053344566306
0.0	5.734846108562745	5.734846108562745
0.0	5.734846108562745	5.734846108562745
0.0	5.648900707210898	5.648900707210899
0.0	5.558434647584762	5.558434647584764
-0.0	5.777827127213623	5.777827127213622
0.0	5.888149213735903	5.888149213735904
-0.0	5.575636123273185	5.575636123273184
-0.0	5.577078426377717	5.577078426377716
0.0	5.888149213735903	5.888149213735904
0.0	5.648900707210898	5.648900707210899
-0.0	5.777827127213623	5.777827127213622
0.0	5.860248504049427	5.860248504049427
0.0	5.558434647584762	5.558434647584764
0.0	5.454053344566306	5.454053344566306
-0.0	5.577078426377717	5.577078426377716
0.0	5.156274680500579	5.15627468050058
0.0	5.454053344566306	5.454053344566306
0.0	5.558434647584762	5.558434647584764
0.0	5.648900707210898	5.648900707210899
0.0	5.860248504049427	5.860248504049427
-0.0	5.575636123273185	5.575636123273184
0.0	5.156274680500579	5.15627468050058
0.0	5.648900707210898	5.648900707210899
0.0	5.6421506091821625	5.6421506091821625
-0.0	5.575636123273185	5.575636123273184
0.0	5.6421506091821625	5.6421506091821625
-0.0	5.577078426377717	5.577078426377716
0.0	5.860248504049427	5.860248504049427
0.0	5.999219703912816	5.999219703912817
0.0	5.999219703912816	5.999219703912817
0.0	5.860248504049427	5.860248504049427
0.0	5.156274680500579	5.15627468050058
-0.0	5.720077342436359	5.720077342436357
-0.0	5.577078426377717	5.577078426377716
0.0	5.7806333198055695	5.780633319805571
0.0	5.6421506091821625	5.6421506091821625
0.0	5.7806333198055695	5.780633319805571
-0.0	5.720077342436359	5.720077342436357
0.0	5.734846108562745	5.734846108562745
0.0	5.999219703912816	5.999219703912817
0.0	5.156274680500579	5.15627468050058
0.0	5.65466625318932	5.654666253189323
0.0	5.65466625318932	5.654666253189323
0.0	5.888149213735903	5.888149213735904
0.0	5.734846108562745	5.734846108562745
-0.0	5.720077342436359	5.720077342436357
-0.0	5.875287089152421	5.87528708915242
0.0	5.6421506091821625	5.6421506091821625
0.0	5.7806333198055695	5.780633319805571
-0.0	5.720077342436359	5.720077342436357
0.0	5.888149213735903	5.888149213735904
0.0	5.734846108562745	5.734846108562745
-0.0	5.875287089152421	5.87528708915242
0.0	5.454053344566306	5.454053344566306
0.0	5.999219703912816	5.999219703912817
0.0	5.918538132122007	5.918538132122007
0.0	5.65466625318932	5.654666253189323
0.0	5.888149213735903	5.888149213735904
0.0	5.734846108562745	5.734846108562745
0.0	5.454053344566306	5.454053344566306
0.0	5.721467670294196	5.721467670294197
-0.0	5.575636123273185	5.575636123273184
0.0	5.918538132122007	5.918538132122007
-0.0	5.875287089152421	5.87528708915242
0.0	5.454053344566306	5.454053344566306
0.0	5.888149213735903	5.888149213735904
0.0	5.7806333198055695	5.780633319805571
0.0	5.721467670294196	5.721467670294197
0.0	5.28652941657467	5.286529416574671
-0.0	5.575636123273185	5.575636123273184
-0.0	5.575636123273185	5.575636123273184
-0.0	5.577078426377717	5.577078426377716
0.0	5.454053344566306	5.454053344566306
0.0	5.65466625318932	5.654666253189323
0.0	5.918538132122007	5.918538132122007
-0.0	5.577078426377717	5.577078426377716
-0.0	5.8045709966994705	5.80457099669947
-0.0	5.577078426377717	5.577078426377716
0.0	5.721467670294196	5.721467670294197
0.0	5.28652941657467	5.286529416574671
0.0	5.156274680500579	5.15627468050058
-0.0	5.575636123273185	5.575636123273184
-0.0	5.875287089152421	5.87528708915242
-0.0	6.028015005579244	6.028015005579242
0.0	5.156274680500579	5.15627468050058
0.0	5.156274680500579	5.15627468050058
0.0	5.6421506091821625	5.6421506091821625
0.0	5.28652941657467	5.286529416574671
-0.0	5.577078426377717	5.577078426377716
0.0	5.6421506091821625	5.6421506091821625
-0.0	5.8045709966994705	5.80457099669947
0.0	5.695066771059391	5.695066771059394
0.0	5.918538132122007	5.918538132122007
0.0	5.999219703912816	5.999219703912817
0.0	5.999219703912816	5.999219703912817
0.0	5.6421506091821625	5.6421506091821625
-0.0	6.028015005579244	6.028015005579242
0.0	5.732376779693434	5.732376779693434
0.0	5.156274680500579	5.15627468050058
0.0	5.721467670294196	5.721467670294197
-0.0	5.8045709966994705	5.80457099669947
0.0	5.999219703912816	5.999219703912817
0.0	5.7806333198055695	5.780633319805571
0.0	5.642739836651797	5.642739836651797
0.0	5.7806333198055695	5.780633319805571
0.0	5.6421506091821625	5.6421506091821625
-0.0	6.028015005579244	6.028015005579242
0.0	5.65466625318932	5.654666253189323
0.0	5.695066771059391	5.695066771059394
0.0	5.28652941657467	5.286529416574671
0.0	5.999219703912816	5.999219703912817
0.0	5.7806333198055695	5.780633319805571
0.0	5.65466625318932	5.654666253189323
-0.0	5.875287089152421	5.87528708915242
0.0	5.732376779693434	5.732376779693434
0.0	5.695066771059391	5.695066771059394
0.0	5.65466625318932	5.654666253189323
-0.0	5.875287089152421	5.87528708915242
-0.0	5.8045709966994705	5.80457099669947
0.0	5.7806333198055695	5.780633319805571
0.0	5.918538132122007	5.918538132122007
0.0	5.642739836651797	5.642739836651797
0.0	5.732376779693434	5.732376779693434
0.0	5.721467670294196	5.721467670294197
-0.0	6.028015005579244	6.028015005579242
-0.0	5.875287089152421	5.87528708915242
0.0	5.65466625318932	5.654666253189323
0.0	5.642739836651797	5.642739836651797
0.0	5.918538132122007	5.918538132122007
0.0	5.28652941657467	5.286529416574671
-0.0	5.875287089152421	5.87528708915242
0.0	5.918538132122007	5.918538132122007
0.0	5.721467670294196	5.721467670294197
0.0	5.695066771059391	5.695066771059394
-0.0	5.8045709966994705	5.80457099669947
0.0	5.721467670294196	5.721467670294197
0.0	5.732376779693434	5.732376779693434
0.0	5.918538132122007	5.918538132122007
-0.0	6.028015005579244	6.028015005579242
0.0	5.28652941657467	5.286529416574671
0.0	5.721467670294196	5.721467670294197
0.0	5.642739836651797	5.642739836651797
0.0	5.748343854951274	5.748343854951275
0.0	5.28652941657467	5.286529416574671
0.0	5.695066771059391	5.695066771059394
0.0	5.67553547561029	5.67553547561029
-0.0	5.8045709966994705	5.80457099669947
0.0	5.732376779693434	5.732376779693434
0.0	5.28652941657467	5.286529416574671
-0.0	6.017704024418978	6.017704024418977
-0.0	6.028015005579244	6.028015005579242
-0.0	5.8045709966994705	5.80457099669947
0.0	5.642739836651797	5.642739836651797
0.0	5.6196987332628465	5.619698733262847
-0.0	6.028015005579244	6.028015005579242
-0.0	5.8045709966994705	5.80457099669947
-0.0	5.312878257976656	5.312878257976654
0.0	5.695066771059391	5.695066771059394
-0.0	6.028015005579244	6.028015005579242
0.0	5.674157492432846	5.674157492432847
0.0	5.695066771059391	5.695066771059394
0.0	5.732376779693434	5.732376779693434
0.0	5.748343854951274	5.748343854951275
0.0	5.793273975138984	5.793273975138985
0.0	5.732376779693434	5.732376779693434
0.0	5.695066771059391	5.695066771059394
0.0	5.748343854951274	5.748343854951275
0.0	5.642739836651797	5.642739836651797
0.0	5.67553547561029	5.67553547561029
-0.0	5.508507728501719	5.508507728501718
0.0	5.732376779693434	5.732376779693434
0.0	5.642739836651797	5.642739836651797
0.0	5.67553547561029	5.67553547561029
-0.0	6.017704024418978	6.017704024418977
0.0	5.694221369187593	5.694221369187594
-0.0	6.017704024418978	6.017704024418977
0.0	5.642739836651797	5.642739836651797
0.0	4.952354320811608	4.952354320811608
0.0	5.6196987332628465	5.619698733262847
-0.0	5.2749529205097385	5.274952920509737
0.0	5.6196987332628465	5.619698733262847
-0.0	5.312878257976656	5.312878257976654
0.0	5.748343854951274	5.748343854951275
0.0	5.748343854951274	5.748343854951275
0.0	5.461034080678797	5.461034080678797
-0.0	5.312878257976656	5.312878257976654
0.0	5.67553547561029	5.67553547561029
0.0	5.674157492432846	5.674157492432847
0.0	5.67553547561029	5.67553547561029
-0.0	6.017704024418978	6.017704024418977
0.0	5.674157492432846	5.674157492432847
0.0	5.793273975138984	5.793273975138985
0.0	5.7423247031218745	5.742324703121875
-0.0	6.017704024418978	6.017704024418977
0.0	5.608152899887371	5.608152899887371
0.0	5.793273975138984	5.793273975138985
0.0	5.6196987332628465	5.619698733262847
-0.0	5.508507728501719	5.508507728501718
-0.0	5.312878257976656	5.312878257976654
-0.0	5.508507728501719	5.508507728501718
0.0	5.93274196750451	5.93274196750451
0.0	5.6196987332628465	5.619698733262847
0.0	5.694221369187593	5.694221369187594
0.0	5.674157492432846	5.674157492432847
0.0	5.694221369187593	5.694221369187594
-0.0	5.312878257976656	5.312878257976654
0.0	4.952354320811608	4.952354320811608
0.0	5.74403970752996	5.744039707529961
0.0	5.793273975138984	5.793273975138985
0.0	4.952354320811608	4.952354320811608
0.0	5.748343854951274	5.748343854951275
0.0	5.674157492432846	5.674157492432847
-0.0	5.2749529205097385	5.274952920509737
0.0	6.1181409267769595	6.118140926776961
0.0	5.748343854951274	5.748343854951275
-0.0	5.508507728501719	5.508507728501718
-0.0	5.2749529205097385	5.274952920509737
0.0	5.67553547561029	5.67553547561029
0.0	5.793273975138984	5.793273975138985
-0.0	5.928693452167504	5.9286934521675025
0.0	5.694221369187593	5.694221369187594
0.0	5.461034080678797	5.461034080678797
0.0	5.748343854951274	5.748343854951275
0.0	5.67553547561029	5.67553547561029
-0.0	6.017704024418978	6.017704024418977
0.0	5.461034080678797	5.461034080678797
-0.0	5.508507728501719	5.508507728501718
0.0	4.952354320811608	4.952354320811608
0.0	6.115831324730816	6.115831324730816
-0.0	6.017704024418978	6.017704024418977
0.0	5.67553547561029	5.67553547561029
0.0	5.694221369187593	5.694221369187594
-0.0	5.2749529205097385	5.274952920509737
0.0	6.278307754659558	6.278307754659558
-0.0	6.017704024418978	6.017704024418977
0.0	5.6196987332628465	5.619698733262847
0.0	5.7423247031218745	5.742324703121875
0.0	5.6196987332628465	5.619698733262847
0.0	4.952354320811608	4.952354320811608
0.0	5.461034080678797	5.461034080678797
0.0	5.608152899887371	5.608152899887371
0.0	5.7423247031218745	5.742324703121875
-0.0	5.312878257976656	5.312878257976654
-0.0	5.312878257976656	5.312878257976654
0.0	5.6196987332628465	5.619698733262847
-0.0	5.281405381957911	5.28140538195791
0.0	5.608152899887371	5.608152899887371
-0.0	5.2749529205097385	5.274952920509737
0.0	5.674157492432846	5.674157492432847
-0.0	5.312878257976656	5.312878257976654
0.0	5.93274196750451	5.93274196750451
0.0	5.7423247031218745	5.742324703121875
0.0	5.674157492432846	5.674157492432847
-0.0	5.716891945618722	5.7168919456187215
0.0	5.793273975138984	5.793273975138985
0.0	5.93274196750451	5.93274196750451
0.0	5.461034080678797	5.461034080678797
0.0	5.608152899887371	5.608152899887371
0.0	5.674157492432846	5.674157492432847
0.0	5.793273975138984	5.793273975138985
-0.0	5.773226760179024	5.773226760179023
0.0	5.74403970752996	5.744039707529961
-0.0	5.508507728501719	5.508507728501718
0.0	5.93274196750451	5.93274196750451
0.0	5.793273975138984	5.793273975138985
0.0	5.74403970752996	5.744039707529961
-0.0	5.508507728501719	5.508507728501718
0.0	6.105524554244882	6.105524554244882
0.0	5.694221369187593	5.694221369187594
0.0	5.7423247031218745	5.742324703121875
-0.0	5.508507728501719	5.508507728501718
0.0	6.1181409267769595	6.118140926776961
0.0	5.74403970752996	5.744039707529961
0.0	5.694221369187593	5.694221369187594
-0.0	6.077741192925879	6.077741192925878
0.0	6.1181409267769595	6.118140926776961
0.0	4.952354320811608	4.952354320811608
0.0	5.608152899887371	5.608152899887371
0.0	5.694221369187593	5.694221369187594
0.0	6.1181409267769595	6.118140926776961
0.0	4.952354320811608	4.952354320811608
-0.0	5.928693452167504	5.9286934521675025
-0.0	5.2749529205097385	5.274952920509737
-0.0	5.928693452167504	5.9286934521675025
0.0	4.952354320811608	4.952354320811608
-0.0	5.928693452167504	5.9286934521675025
-0.0	5.6587554543403025	5.658755454340302
0.0	5.93274196750451	5.93274196750451
-0.0	5.2749529205097385	5.274952920509737
-0.0	5.2749529205097385	5.274952920509737
0.0	5.461034080678797	5.461034080678797
0.0	6.115831324730816	6.115831324730816
0.0	6.115831324730816	6.115831324730816
0.0	6.115831324730816	6.115831324730816
0.0	5.9350105999745715	5.935010599974572
0.0	5.461034080678797	5.461034080678797
0.0	5.74403970752996	5.744039707529961
0.0	5.461034080678797	5.461034080678797
0.0	6.278307754659558	6.278307754659558
0.0	6.278307754659558	6.278307754659558
0.0	6.278307754659558	6.278307754659558
0.0	5.975304630562935	5.9753046305629365
0.0	6.1181409267769595	6.118140926776961
0.0	5.7423247031218745	5.742324703121875
-0.0	5.830104450525683	5.830104450525682
0.0	5.7423247031218745	5.742324703121875
0.0	5.608152899887371	5.608152899887371
-0.0	5.281405381957911	5.28140538195791
0.0	5.608152899887371	5.608152899887371
0.0	5.7423247031218745	5.742324703121875
-0.0	5.281405381957911	5.28140538195791
-0.0	5.281405381957911	5.28140538195791
-0.0	5.928693452167504	5.9286934521675025
-0.0	5.653825694289606	5.653825694289605
0.0	5.608152899887371	5.608152899887371
0.0	5.93274196750451	5.93274196750451
-0.0	5.716891945618722	5.7168919456187215
-0.0	5.716891945618722	5.7168919456187215
0.0	5.93274196750451	5.93274196750451
0.0	5.959272976038463	5.9592729760384655
-0.0	5.716891945618722	5.7168919456187215
0.0	6.115831324730816	6.115831324730816
0.0	5.74403970752996	5.744039707529961
-0.0	5.773226760179024	5.773226760179023
0.0	5.93274196750451	5.93274196750451
-0.0	5.773226760179024	5.773226760179023
0.0	5.74403970752996	5.744039707529961
-0.0	5.671039766588783	5.671039766588781
0.0	6.278307754659558	6.278307754659558
-0.0	5.773226760179024	5.773226760179023
0.0	6.105524554244882	6.105524554244882
0.0	6.1181409267769595	6.118140926776961
0.0	5.923582500725138	5.923582500725138
0.0	6.1181409267769595	6.118140926776961
0.0	6.105524554244882	6.105524554244882
0.0	5.74403970752996	5.744039707529961
-0.0	6.077741192925879	6.077741192925878
0.0	5.960765213372363	5.960765213372363
-0.0	5.928693452167504	5.9286934521675025
0.0	6.105524554244882	6.105524554244882
-0.0	5.928693452167504	5.9286934521675025
-0.0	6.077741192925879	6.077741192925878
0.0	6.1181409267769595	6.118140926776961
-0.0	5.721112022889212	5.721112022889211
-0.0	5.281405381957911	5.28140538195791
0.0	6.115831324730816	6.115831324730816
-0.0	6.077741192925879	6.077741192925878
-0.0	5.6587554543403025	5.658755454340302
-0.0	5.928693452167504	5.9286934521675025
-0.0	5.716891945618722	5.7168919456187215
0.0	6.115831324730816	6.115831324730816
0.0	5.958793846546635	5.958793846546636
-0.0	5.6587554543403025	5.658755454340302
0.0	6.278307754659558	6.278307754659558
0.0	5.9350105999745715	5.935010599974572
0.0	6.115831324730816	6.115831324730816
-0.0	5.773226760179024	5.773226760179023
-0.0	5.546745623651016	5.546745623651014
0.0	6.278307754659558	6.278307754659558
-0.0	5.6587554543403025	5.658755454340302
0.0	5.9350105999745715	5.935010599974572
0.0	6.278307754659558	6.278307754659558
0.0	6.105524554244882	6.105524554244882
0.0	5.975304630562935	5.9753046305629365
0.0	5.762371513087604	5.762371513087604
-0.0	5.281405381957911	5.28140538195791
-0.0	6.077741192925879	6.077741192925878
-0.0	5.830104450525683	5.830104450525682
0.0	5.975304630562935	5.9753046305629365
0.0	5.9350105999745715	5.935010599974572
-0.0	5.281405381957911	5.28140538195791
-0.0	5.281405381957911	5.28140538195791
0.0	5.613764612436728	5.613764612436729
-0.0	5.653825694289606	5.653825694289605
-0.0	5.830104450525683	5.830104450525682
-0.0	5.716891945618722	5.7168919456187215
0.0	5.959272976038463	5.9592729760384655
-0.0	5.716891945618722	5.7168919456187215
-0.0	5.716891945618722	5.7168919456187215
-0.0	5.653825694289606	5.653825694289605
-0.0	5.6587554543403025	5.658755454340302
0.0	5.9658644322504975	5.9658644322504975
0.0	5.975304630562935	5.9753046305629365
-0.0	5.773226760179024	5.773226760179023
0.0	5.959272976038463	5.9592729760384655
-0.0	5.773226760179024	5.773226760179023
0.0	5.571873166560972	5.571873166560973
-0.0	5.671039766588783	5.671039766588781
-0.0	5.773226760179024	5.773226760179023
-0.0	5.830104450525683	5.830104450525682
0.0	5.9350105999745715	5.935010599974572
0.0	6.105524554244882	6.105524554244882
0.0	6.105524554244882	6.105524554244882
0.0	5.923582500725138	5.923582500725138
-0.0	5.671039766588783	5.671039766588781
-0.0	5.653825694289606	5.653825694289605
0.0	5.55478989710659	5.55478989710659
0.0	6.105524554244882	6.105524554244882
0.0	5.960765213372363	5.960765213372363
0.0	5.975304630562935	5.9753046305629365
-0.0	6.077741192925879	6.077741192925878
0.0	5.923582500725138	5.923582500725138
-0.0	6.077741192925879	6.077741192925878
0.0	5.959272976038463	5.9592729760384655
-0.0	5.721112022889212	5.721112022889211
0.0	5.960765213372363	5.960765213372363
-0.0	5.830104450525683	5.830104450525682
-0.0	6.077741192925879	6.077741192925878
-0.0	5.671039766588783	5.671039766588781
0.0	5.958793846546635	5.958793846546636
-0.0	5.721112022889212	5.721112022889211
-0.0	5.653825694289606	5.653825694289605
0.0	5.9148455994530895	5.9148455994530895
-0.0	5.6587554543403025	5.658755454340302
0.0	5.959272976038463	5.9592729760384655
-0.0	5.546745623651016	5.546745623651014
0.0	5.923582500725138	5.923582500725138
-0.0	5.6587554543403025	5.658755454340302
0.0	6.305789341821685	6.305789341821686
0.0	5.958793846546635	5.958793846546636
0.0	5.9350105999745715	5.935010599974572
-0.0	5.6587554543403025	5.658755454340302
0.0	5.960765213372363	5.960765213372363
0.0	5.762371513087604	5.762371513087604
-0.0	5.671039766588783	5.671039766588781
-0.0	5.546745623651016	5.546745623651014
-0.0	5.721112022889212	5.721112022889211
0.0	5.9350105999745715	5.935010599974572
0.0	5.923582500725138	5.923582500725138
0.0	5.613764612436728	5.613764612436729
0.0	5.924804393968209	5.924804393968209
0.0	5.975304630562935	5.9753046305629365
0.0	5.9350105999745715	5.935010599974572
0.0	5.958793846546635	5.958793846546636
0.0	5.762371513087604	5.762371513087604
0.0	5.960765213372363	5.960765213372363
-0.0	5.830104450525683	5.830104450525682
0.0	5.9658644322504975	5.9658644322504975
-0.0	5.721112022889212	5.721112022889211
-0.0	5.546745623651016	5.546745623651014
0.0	5.634872359345399	5.634872359345401
0.0	5.571873166560972	5.571873166560973
-0.0	5.653825694289606	5.653825694289605
0.0	5.975304630562935	5.9753046305629365
0.0	5.613764612436728	5.613764612436729
0.0	5.762371513087604	5.762371513087604
0.0	5.975304630562935	5.9753046305629365
0.0	5.958793846546635	5.958793846546636
0.0	5.3035830066742635	5.303583006674265
0.0	5.959272976038463	5.9592729760384655
0.0	5.55478989710659	5.55478989710659
-0.0	5.546745623651016	5.546745623651014
-0.0	5.830104450525683	5.830104450525682
0.0	5.613764612436728	5.613764612436729
0.0	5.9658644322504975	5.9658644322504975
-0.0	5.830104450525683	5.830104450525682
0.0	5.762371513087604	5.762371513087604
-0.0	5.671039766588783	5.671039766588781
0.0	5.571873166560972	5.571873166560973
-0.0	5.653825694289606	5.653825694289605
0.0	5.613857719253303	5.613857719253303
0.0	5.9658644322504975	5.9658644322504975
-0.0	5.653825694289606	5.653825694289605
0.0	5.9148455994530895	5.9148455994530895
0.0	5.959272976038463	5.9592729760384655
0.0	5.923582500725138	5.923582500725138
0.0	5.571873166560972	5.571873166560973
0.0	5.613764612436728	5.613764612436729
0.0	5.55478989710659	5.55478989710659
0.0	5.959272976038463	5.9592729760384655
0.0	6.305789341821685	6.305789341821686
0.0	5.960765213372363	5.960765213372363
0.0	5.407476249468757	5.407476249468758
-0.0	5.721112022889212	5.721112022889211
-0.0	5.671039766588783	5.671039766588781
0.0	5.9658644322504975	5.9658644322504975
0.0	5.55478989710659	5.55478989710659
0.0	5.419214248171848	5.4192142481718495
-0.0	5.671039766588783	5.671039766588781
0.0	5.9148455994530895	5.9148455994530895
0.0	5.923582500725138	5.923582500725138
0.0	5.571873166560972	5.571873166560973
0.0	5.924804393968209	5.924804393968209
0.0	5.958793846546635	5.958793846546636
0.0	5.312498089259928	5.312498089259928
0.0	6.305789341821685	6.305789341821686
0.0	5.960765213372363	5.960765213372363
0.0	5.923582500725138	5.923582500725138
-0.0	5.546745623651016	5.546745623651014
0.0	5.9148455994530895	5.9148455994530895
0.0	5.55478989710659	5.55478989710659
0.0	5.634872359345399	5.634872359345401
-0.0	5.721112022889212	5.721112022889211
0.0	5.960765213372363	5.960765213372363
0.0	6.305789341821685	6.305789341821686
0.0	5.924804393968209	5.924804393968209
0.0	5.198744562036206	5.198744562036206
0.0	5.762371513087604	5.762371513087604
-0.0	5.721112022889212	5.721112022889211
0.0	5.3035830066742635	5.303583006674265
0.0	5.958793846546635	5.958793846546636
0.0	5.9148455994530895	5.9148455994530895
0.0	6.021484835823532	6.021484835823532
-0.0	5.546745623651016	5.546745623651014
0.0	5.634872359345399	5.634872359345401
0.0	5.924804393968209	5.924804393968209
0.0	5.613764612436728	5.613764612436729
0.0	5.958793846546635	5.958793846546636
0.0	5.613857719253303	5.613857719253303
0.0	6.305789341821685	6.305789341821686
0.0	5.762371513087604	5.762371513087604
0.0	5.634872359345399	5.634872359345401
0.0	5.3035830066742635	5.303583006674265
0.0	5.55875101720491	5.558751017204911
-0.0	5.546745623651016	5.546745623651014
0.0	5.9658644322504975	5.9658644322504975
0.0	5.3035830066742635	5.303583006674265
0.0	5.613764612436728	5.613764612436729
0.0	5.407476249468757	5.407476249468758
0.0	5.571873166560972	5.571873166560973
0.0	6.129600972048251	6.129600972048253
0.0	5.762371513087604	5.762371513087604
0.0	5.613857719253303	5.613857719253303
0.0	5.924804393968209	5.924804393968209
0.0	5.9658644322504975	5.9658644322504975
0.0	5.613857719253303	5.613857719253303
0.0	5.419214248171848	5.4192142481718495
0.0	5.707086863246001	5.707086863246001
0.0	5.571873166560972	5.571873166560973
0.0	5.55478989710659	5.55478989710659
0.0	5.634872359345399	5.634872359345401
0.0	5.613764612436728	5.613764612436729
0.0	5.312498089259928	5.312498089259928
0.0	5.407476249468757	5.407476249468758
0.0	5.407476249468757	5.407476249468758
0.0	6.429362510271575	6.4293625102715755
0.0	5.419214248171848	5.4192142481718495
0.0	5.3035830066742635	5.303583006674265
