Average gap is: 0.00707 timecost: 708.284; Average global distance: 7.76482, local distance: 7.76538
0.0	7.658989601982257	7.658989601982258
0.0	7.658989601982257	7.658989601982258
0.0	7.658989601982257	7.658989601982258
0.0	7.658989601982257	7.658989601982258
0.0	7.658989601982257	7.658989601982258
0.0	7.658989601982257	7.658989601982258
0.0	7.658989601982257	7.658989601982258
0.0	7.658989601982257	7.658989601982258
0.0	7.322153553661574	7.3221535536615745
0.0	7.322153553661574	7.3221535536615745
0.0	7.322153553661574	7.3221535536615745
0.0	7.322153553661574	7.3221535536615745
0.0	7.322153553661574	7.3221535536615745
0.0	7.322153553661574	7.3221535536615745
0.0	7.322153553661574	7.3221535536615745
0.0	7.322153553661574	7.3221535536615745
-0.0	7.660090538916235	7.660090538916233
-0.0	7.660090538916235	7.660090538916233
-0.0	7.660090538916235	7.660090538916233
-0.0	7.660090538916235	7.660090538916233
-0.0	7.660090538916235	7.660090538916233
-0.0	7.660090538916235	7.660090538916233
-0.0	7.660090538916235	7.660090538916233
-0.0	7.660090538916235	7.660090538916233
-0.0	7.382929702590161	7.38292970259016
-0.0	7.382929702590161	7.38292970259016
-0.0	7.382929702590161	7.38292970259016
-0.0	7.382929702590161	7.38292970259016
-0.0	7.382929702590161	7.38292970259016
-0.0	7.661632093253483	7.661632093253482
-0.0	7.382929702590161	7.38292970259016
-0.0	7.382929702590161	7.38292970259016
-0.0	7.382929702590161	7.38292970259016
0.0	7.724081986192051	7.724081986192052
-0.0	7.661632093253483	7.661632093253482
-0.0	7.661632093253483	7.661632093253482
-0.0	7.661632093253483	7.661632093253482
0.0	7.724081986192051	7.724081986192052
-0.0	7.661632093253483	7.661632093253482
0.0	7.724081986192051	7.724081986192052
-0.0	7.661632093253483	7.661632093253482
-0.0	7.661632093253483	7.661632093253482
-0.0	7.661632093253483	7.661632093253482
0.0	7.724081986192051	7.724081986192052
0.0	7.724081986192051	7.724081986192052
0.0	7.724081986192051	7.724081986192052
0.0	7.724081986192051	7.724081986192052
0.0	7.724081986192051	7.724081986192052
0.0	8.327762922599344	8.327762922599344
0.0	8.327762922599344	8.327762922599344
-0.0	7.919041405982552	7.919041405982548
0.0	8.327762922599344	8.327762922599344
-0.0	7.919041405982552	7.919041405982548
0.0	8.327762922599344	8.327762922599344
0.0	8.327762922599344	8.327762922599344
0.0	8.327762922599344	8.327762922599344
0.0	8.327762922599344	8.327762922599344
-0.0	7.919041405982552	7.919041405982548
-0.0	7.919041405982552	7.919041405982548
-0.0	7.919041405982552	7.919041405982548
0.0	8.327762922599344	8.327762922599344
-0.0	7.919041405982552	7.919041405982548
0.0	7.951845596707203	7.951845596707205
0.0	7.951845596707203	7.951845596707205
-0.0	7.919041405982552	7.919041405982548
0.0	7.951845596707203	7.951845596707205
-0.0	7.919041405982552	7.919041405982548
0.0	7.951845596707203	7.951845596707205
0.0	7.951845596707203	7.951845596707205
0.0	7.951845596707203	7.951845596707205
0.0	7.951845596707203	7.951845596707205
0.0	7.951845596707203	7.951845596707205
-0.0	7.624150497356039	7.624150497356038
-0.0	7.624150497356039	7.624150497356038
-0.0	7.624150497356039	7.624150497356038
-0.0	7.624150497356039	7.624150497356038
-0.0	7.624150497356039	7.624150497356038
-0.0	7.78719769298314	7.787197692983138
-0.0	7.78719769298314	7.787197692983138
-0.0	7.624150497356039	7.624150497356038
-0.0	7.78719769298314	7.787197692983138
-0.0	7.624150497356039	7.624150497356038
-0.0	7.624150497356039	7.624150497356038
-0.0	7.78719769298314	7.787197692983138
-0.0	7.78719769298314	7.787197692983138
-0.0	7.78719769298314	7.787197692983138
-0.0	7.78719769298314	7.787197692983138
-0.0	7.78719769298314	7.787197692983138
0.0	7.735036593197431	7.735036593197432
-0.0	7.437509307323046	7.437509307323045
0.0	7.735036593197431	7.735036593197432
-0.0	7.821391550470835	7.8213915504708345
0.0	7.735036593197431	7.735036593197432
0.0	7.735036593197431	7.735036593197432
-0.0	7.437509307323046	7.437509307323045
-0.0	7.406759496369436	7.4067594963694345
-0.0	7.437509307323046	7.437509307323045
-0.0	7.437509307323046	7.437509307323045
-0.0	7.821391550470835	7.8213915504708345
0.0	7.735036593197431	7.735036593197432
0.0	7.735036593197431	7.735036593197432
0.0	7.735036593197431	7.735036593197432
-0.0	7.406759496369436	7.4067594963694345
-0.0	7.257345755829804	7.257345755829801
-0.0	7.821391550470835	7.8213915504708345
-0.0	7.821391550470835	7.8213915504708345
0.0	7.735036593197431	7.735036593197432
-0.0	7.437509307323046	7.437509307323045
-0.0	7.437509307323046	7.437509307323045
-0.0	7.437509307323046	7.437509307323045
0.0	7.843983990122738	7.843983990122739
-0.0	7.406759496369436	7.4067594963694345
-0.0	7.437509307323046	7.437509307323045
-0.0	7.406759496369436	7.4067594963694345
-0.0	7.257345755829804	7.257345755829801
-0.0	7.821391550470835	7.8213915504708345
-0.0	7.821391550470835	7.8213915504708345
-0.0	7.771992949396733	7.771992949396732
-0.0	7.821391550470835	7.8213915504708345
-0.0	7.406759496369436	7.4067594963694345
-0.0	7.821391550470835	7.8213915504708345
-0.0	7.406759496369436	7.4067594963694345
0.0	7.843983990122738	7.843983990122739
-0.0	7.406759496369436	7.4067594963694345
-0.0	7.257345755829804	7.257345755829801
-0.0	7.257345755829804	7.257345755829801
-0.0	7.406759496369436	7.4067594963694345
-0.0	7.900440388270773	7.900440388270769
-0.0	7.771992949396733	7.771992949396732
-0.0	7.257345755829804	7.257345755829801
0.0	7.956990894874009	7.95699089487401
0.0	7.843983990122738	7.843983990122739
-0.0	7.257345755829804	7.257345755829801
0.0	7.843983990122738	7.843983990122739
0.0	7.766979871398044	7.7669798713980445
-0.0	7.257345755829804	7.257345755829801
-0.0	7.257345755829804	7.257345755829801
0.0	7.843983990122738	7.843983990122739
-0.0	7.900440388270773	7.900440388270769
0.0	7.884616424974036	7.884616424974037
-0.0	7.771992949396733	7.771992949396732
-0.0	7.771992949396733	7.771992949396732
0.0	7.843983990122738	7.843983990122739
0.0	7.843983990122738	7.843983990122739
-0.0	7.771992949396733	7.771992949396732
0.0	7.843983990122738	7.843983990122739
0.0	7.92958296029872	7.92958296029872
0.0	7.956990894874009	7.95699089487401
-0.0	7.771992949396733	7.771992949396732
-0.0	7.900440388270773	7.900440388270769
-0.0	7.771992949396733	7.771992949396732
-0.0	7.900440388270773	7.900440388270769
-0.0	7.771992949396733	7.771992949396732
0.0	7.766979871398044	7.7669798713980445
-0.0	7.900440388270773	7.900440388270769
0.0	7.956990894874009	7.95699089487401
0.0	7.956990894874009	7.95699089487401
0.0	7.884616424974036	7.884616424974037
0.0	7.956990894874009	7.95699089487401
-0.0	7.900440388270773	7.900440388270769
0.0	7.766979871398044	7.7669798713980445
-0.0	7.900440388270773	7.900440388270769
-0.0	7.900440388270773	7.900440388270769
0.27806	7.836028661169277	7.857817749578679
0.0	7.766979871398044	7.7669798713980445
0.0	7.884616424974036	7.884616424974037
0.0	7.766979871398044	7.7669798713980445
0.0	7.92958296029872	7.92958296029872
0.0	7.956990894874009	7.95699089487401
0.0	7.956990894874009	7.95699089487401
0.0	7.956990894874009	7.95699089487401
0.0	7.884616424974036	7.884616424974037
-0.0	7.819503602741465	7.819503602741464
0.0	7.884616424974036	7.884616424974037
0.0	7.766979871398044	7.7669798713980445
0.0	7.92958296029872	7.92958296029872
0.0	7.766979871398044	7.7669798713980445
-0.0	7.549216007454259	7.549216007454256
0.0	7.766979871398044	7.7669798713980445
0.0	7.884616424974036	7.884616424974037
0.0	7.884616424974036	7.884616424974037
0.0	7.92958296029872	7.92958296029872
0.0	7.92958296029872	7.92958296029872
0.0	7.884616424974036	7.884616424974037
0.0	8.058794456614057	8.05879445661406
0.0	7.92958296029872	7.92958296029872
0.27806	7.836028661169277	7.857817749578679
0.0	7.92958296029872	7.92958296029872
-0.0	7.822578739009434	7.822578739009433
0.0	7.92958296029872	7.92958296029872
0.27806	7.836028661169277	7.857817749578679
-0.0	7.819503602741465	7.819503602741464
0.27806	7.836028661169277	7.857817749578679
0.0	7.873445196605915	7.873445196605916
-0.0	7.549216007454259	7.549216007454256
0.27806	7.836028661169277	7.857817749578679
-0.0	7.819503602741465	7.819503602741464
0.27806	7.836028661169277	7.857817749578679
-0.0	7.590600215551999	7.590600215551997
-0.0	7.819503602741465	7.819503602741464
0.27806	7.836028661169277	7.857817749578679
-0.0	7.549216007454259	7.549216007454256
0.27806	7.836028661169277	7.857817749578679
0.0	8.058794456614057	8.05879445661406
-0.0	7.819503602741465	7.819503602741464
-0.0	7.549216007454259	7.549216007454256
-0.0	7.819503602741465	7.819503602741464
-0.0	7.822578739009434	7.822578739009433
-0.0	7.819503602741465	7.819503602741464
-0.0	7.819503602741465	7.819503602741464
-0.0	7.549216007454259	7.549216007454256
-0.0	7.549216007454259	7.549216007454256
0.0	8.058794456614057	8.05879445661406
0.0	8.058794456614057	8.05879445661406
-0.0	7.549216007454259	7.549216007454256
0.0	7.873445196605915	7.873445196605916
-0.0	7.549216007454259	7.549216007454256
-0.0	7.822578739009434	7.822578739009433
-0.0	7.822578739009434	7.822578739009433
0.0	8.058794456614057	8.05879445661406
0.0	8.058794456614057	8.05879445661406
0.0	8.058794456614057	8.05879445661406
-0.0	7.590600215551999	7.590600215551997
-0.0	7.822578739009434	7.822578739009433
0.0	8.058794456614057	8.05879445661406
0.0	7.873445196605915	7.873445196605916
0.0	7.873445196605915	7.873445196605916
-0.0	7.822578739009434	7.822578739009433
-0.0	7.822578739009434	7.822578739009433
0.0	7.873445196605915	7.873445196605916
-0.0	7.822578739009434	7.822578739009433
-0.0	7.590600215551999	7.590600215551997
-0.0	7.590600215551999	7.590600215551997
0.0	7.873445196605915	7.873445196605916
0.0	7.873445196605915	7.873445196605916
-0.0	7.590600215551999	7.590600215551997
0.0	7.873445196605915	7.873445196605916
-0.0	7.590600215551999	7.590600215551997
-0.0	7.590600215551999	7.590600215551997
-0.0	7.590600215551999	7.590600215551997
-0.0	7.815979983242652	7.81597998324265
-0.0	7.554999823246207	7.554999823246206
-0.0	7.5076931014207045	7.5076931014207
-0.0	7.815979983242652	7.81597998324265
-0.0	7.815979983242652	7.81597998324265
-0.0	7.815979983242652	7.81597998324265
-0.0	7.554999823246207	7.554999823246206
0.0	7.74451790167116	7.74451790167116
-0.0	7.554999823246207	7.554999823246206
-0.0	7.5076931014207045	7.5076931014207
-0.0	7.815979983242652	7.81597998324265
-0.0	7.554999823246207	7.554999823246206
0.0	7.498764120832856	7.498764120832856
-0.0	7.5076931014207045	7.5076931014207
-0.0	7.815979983242652	7.81597998324265
-0.0	7.554999823246207	7.554999823246206
-0.0	7.5076931014207045	7.5076931014207
0.0	7.972695840615326	7.972695840615326
-0.0	7.815979983242652	7.81597998324265
0.0	7.74451790167116	7.74451790167116
-0.0	7.554999823246207	7.554999823246206
-0.0	7.5076931014207045	7.5076931014207
-0.0	7.815979983242652	7.81597998324265
0.0	7.74451790167116	7.74451790167116
-0.0	7.554999823246207	7.554999823246206
-0.0	7.5076931014207045	7.5076931014207
0.0	7.74451790167116	7.74451790167116
0.0	7.531956969734044	7.531956969734044
0.0	7.498764120832856	7.498764120832856
-0.0	7.554999823246207	7.554999823246206
-0.0	7.5076931014207045	7.5076931014207
0.0	7.498764120832856	7.498764120832856
0.0	7.498764120832856	7.498764120832856
0.0	7.74451790167116	7.74451790167116
0.0	7.972695840615326	7.972695840615326
-0.0	7.5076931014207045	7.5076931014207
0.0	7.972695840615326	7.972695840615326
0.0	7.74451790167116	7.74451790167116
0.0	7.972695840615326	7.972695840615326
0.0	7.498764120832856	7.498764120832856
0.0	7.531956969734044	7.531956969734044
0.0	7.74451790167116	7.74451790167116
0.0	7.531956969734044	7.531956969734044
-0.0	7.538869365671445	7.5388693656714425
0.0	7.498764120832856	7.498764120832856
0.0	7.972695840615326	7.972695840615326
0.0	7.74451790167116	7.74451790167116
0.0	7.531956969734044	7.531956969734044
0.0	7.832680576634561	7.832680576634564
0.0	7.498764120832856	7.498764120832856
0.0	7.972695840615326	7.972695840615326
0.0	7.498764120832856	7.498764120832856
0.0	7.93040145868703	7.930401458687034
0.0	7.531956969734044	7.531956969734044
0.0	7.972695840615326	7.972695840615326
-0.0	7.538869365671445	7.5388693656714425
0.0	7.972695840615326	7.972695840615326
0.0	7.633166089200942	7.633166089200943
-0.0	7.538869365671445	7.5388693656714425
0.0	7.531956969734044	7.531956969734044
0.0	7.832680576634561	7.832680576634564
0.0	7.78266806816809	7.78266806816809
-0.0	7.538869365671445	7.5388693656714425
0.0	7.531956969734044	7.531956969734044
0.0	7.832680576634561	7.832680576634564
0.0	7.93040145868703	7.930401458687034
0.0	7.531956969734044	7.531956969734044
0.0	7.822592963599495	7.822592963599495
0.0	7.832680576634561	7.832680576634564
0.0	7.93040145868703	7.930401458687034
-0.0	7.538869365671445	7.5388693656714425
0.0	7.633166089200942	7.633166089200943
0.0	7.93040145868703	7.930401458687034
0.0	7.832680576634561	7.832680576634564
-0.0	7.538869365671445	7.5388693656714425
0.0	7.633166089200942	7.633166089200943
0.0	7.78266806816809	7.78266806816809
0.0	7.93040145868703	7.930401458687034
0.0	7.832680576634561	7.832680576634564
0.0	7.78266806816809	7.78266806816809
-0.0	7.538869365671445	7.5388693656714425
-0.0	7.538869365671445	7.5388693656714425
0.0	7.633166089200942	7.633166089200943
0.0	7.93040145868703	7.930401458687034
0.0	7.822592963599495	7.822592963599495
0.0	7.822592963599495	7.822592963599495
0.0	7.633166089200942	7.633166089200943
0.0	7.832680576634561	7.832680576634564
0.0	7.832680576634561	7.832680576634564
0.0	7.78266806816809	7.78266806816809
0.0	7.78266806816809	7.78266806816809
0.0	7.36359269334991	7.363592693349911
0.0	7.633166089200942	7.633166089200943
0.0	7.93040145868703	7.930401458687034
0.0	7.93040145868703	7.930401458687034
0.0	7.78266806816809	7.78266806816809
0.0	7.822592963599495	7.822592963599495
0.0	7.822592963599495	7.822592963599495
0.0	7.623446412851836	7.623446412851838
0.0	7.633166089200942	7.633166089200943
0.0	7.822592963599495	7.822592963599495
0.0	7.633166089200942	7.633166089200943
0.0	7.340344524980817	7.34034452498082
0.0	7.78266806816809	7.78266806816809
0.0	7.78266806816809	7.78266806816809
0.0	7.36359269334991	7.363592693349911
0.0	7.36359269334991	7.363592693349911
0.0	7.9845782405751855	7.984578240575188
0.0	7.822592963599495	7.822592963599495
0.0	7.623446412851836	7.623446412851838
0.0	7.822592963599495	7.822592963599495
0.0	7.623446412851836	7.623446412851838
0.0	7.36359269334991	7.363592693349911
0.0	7.36359269334991	7.363592693349911
0.0	7.36359269334991	7.363592693349911
0.0	7.340344524980817	7.34034452498082
0.0	7.340344524980817	7.34034452498082
0.0	7.623446412851836	7.623446412851838
0.0	7.623446412851836	7.623446412851838
0.0	7.9845782405751855	7.984578240575188
0.0	7.623446412851836	7.623446412851838
0.0	7.884557639435762	7.884557639435767
0.0	7.340344524980817	7.34034452498082
0.0	7.9845782405751855	7.984578240575188
0.0	7.340344524980817	7.34034452498082
0.0	7.902016195649346	7.902016195649348
0.0	7.36359269334991	7.363592693349911
0.0	7.340344524980817	7.34034452498082
0.0	7.36359269334991	7.363592693349911
0.0	7.9845782405751855	7.984578240575188
0.0	7.4313311120967755	7.4313311120967755
0.0	7.623446412851836	7.623446412851838
0.0	7.884557639435762	7.884557639435767
0.0	7.9845782405751855	7.984578240575188
0.0	7.623446412851836	7.623446412851838
0.0	7.9845782405751855	7.984578240575188
0.0	7.902016195649346	7.902016195649348
0.0	7.340344524980817	7.34034452498082
0.0	7.884557639435762	7.884557639435767
0.0	7.4313311120967755	7.4313311120967755
0.0	7.340344524980817	7.34034452498082
0.0	7.902016195649346	7.902016195649348
0.0	7.884557639435762	7.884557639435767
0.0	7.9845782405751855	7.984578240575188
0.0	7.4313311120967755	7.4313311120967755
0.0	7.884557639435762	7.884557639435767
0.0	7.9845782405751855	7.984578240575188
0.0	7.902016195649346	7.902016195649348
0.0	7.884557639435762	7.884557639435767
0.0	7.4313311120967755	7.4313311120967755
0.0	7.902016195649346	7.902016195649348
0.0	7.902016195649346	7.902016195649348
0.0	7.4313311120967755	7.4313311120967755
0.0	7.4313311120967755	7.4313311120967755
0.0	7.884557639435762	7.884557639435767
0.0	7.884557639435762	7.884557639435767
0.0	7.902016195649346	7.902016195649348
0.0	7.902016195649346	7.902016195649348
0.0	7.4313311120967755	7.4313311120967755
0.0	7.4313311120967755	7.4313311120967755
0.0	8.224579708166509	8.224579708166516
-0.0	8.043713785438722	8.04371378543872
0.0	8.224579708166509	8.224579708166516
0.0	7.926234818772423	7.926234818772426
-0.0	8.043713785438722	8.04371378543872
0.0	7.926234818772423	7.926234818772426
0.0	8.224579708166509	8.224579708166516
0.0	8.224579708166509	8.224579708166516
-0.0	8.043713785438722	8.04371378543872
-0.0	7.665194488582785	7.665194488582783
-0.0	8.043713785438722	8.04371378543872
0.0	7.926234818772423	7.926234818772426
-0.0	7.841307559378971	7.841307559378969
0.0	8.224579708166509	8.224579708166516
0.0	7.926234818772423	7.926234818772426
0.0	8.224579708166509	8.224579708166516
-0.0	8.043713785438722	8.04371378543872
0.0	8.224579708166509	8.224579708166516
-0.0	7.665194488582785	7.665194488582783
-0.0	8.043713785438722	8.04371378543872
0.0	8.224579708166509	8.224579708166516
-0.0	8.043713785438722	8.04371378543872
0.0	7.926234818772423	7.926234818772426
-0.0	7.841307559378971	7.841307559378969
-0.0	8.043713785438722	8.04371378543872
0.0	7.926234818772423	7.926234818772426
0.0	7.926234818772423	7.926234818772426
0.0	7.926234818772423	7.926234818772426
-0.0	7.665194488582785	7.665194488582783
-0.0	7.665194488582785	7.665194488582783
-0.0	7.841307559378971	7.841307559378969
-0.0	7.841307559378971	7.841307559378969
-0.0	7.665194488582785	7.665194488582783
-0.0	7.665194488582785	7.665194488582783
-0.0	7.665194488582785	7.665194488582783
-0.0	7.841307559378971	7.841307559378969
-0.0	7.665194488582785	7.665194488582783
-0.0	7.973664665195252	7.973664665195251
-0.0	7.841307559378971	7.841307559378969
-0.0	7.973664665195252	7.973664665195251
-0.0	7.841307559378971	7.841307559378969
-0.0	7.841307559378971	7.841307559378969
-0.0	7.973664665195252	7.973664665195251
-0.0	7.973664665195252	7.973664665195251
-0.0	7.973664665195252	7.973664665195251
-0.0	7.973664665195252	7.973664665195251
-0.0	7.973664665195252	7.973664665195251
-0.0	7.973664665195252	7.973664665195251
-0.0	7.852688476263037	7.852688476263034
0.06815	7.633604817808518	7.6388073591174095
0.0	7.676678466052023	7.676678466052024
-0.0	7.852688476263037	7.852688476263034
-0.0	7.422001989317336	7.422001989317335
0.06815	7.633604817808518	7.6388073591174095
0.03957	8.382940894345353	8.386258314164095
0.0	7.676678466052023	7.676678466052024
-0.0	7.852688476263037	7.852688476263034
-0.0	8.299221428236155	8.29922142823615
-0.0	7.422001989317336	7.422001989317335
0.0	7.73004470365883	7.730044703658832
0.0	7.612194751444098	7.612194751444098
0.06815	7.633604817808518	7.6388073591174095
0.03957	8.382940894345353	8.386258314164095
-0.0	7.395680958976104	7.395680958976102
0.0	7.676678466052023	7.676678466052024
-0.0	8.299221428236155	8.29922142823615
0.0	7.962102458131155	7.962102458131155
-0.0	7.422001989317336	7.422001989317335
0.0	7.73004470365883	7.730044703658832
-0.0	7.852688476263037	7.852688476263034
0.0	7.966300620349229	7.966300620349231
0.0	7.612194751444098	7.612194751444098
0.0	8.336149876966875	8.336149876966877
0.06815	7.633604817808518	7.6388073591174095
0.03957	8.382940894345353	8.386258314164095
-0.0	7.852688476263037	7.852688476263034
-0.0	7.395680958976104	7.395680958976102
0.0	7.676678466052023	7.676678466052024
-0.0	8.299221428236155	8.29922142823615
0.0	7.636416828188771	7.636416828188772
-0.0	7.422001989317336	7.422001989317335
0.0	7.73004470365883	7.730044703658832
0.0	7.935201987858273	7.935201987858276
0.06815	7.633604817808518	7.6388073591174095
0.0	7.962102458131155	7.962102458131155
-0.0	7.852688476263037	7.852688476263034
0.0	7.612194751444098	7.612194751444098
0.0	7.7744021075520635	7.7744021075520635
0.0	7.676678466052023	7.676678466052024
0.0	7.966300620349229	7.966300620349231
0.03957	8.382940894345353	8.386258314164095
-0.0	7.563676413159518	7.5636764131595156
-0.0	7.422001989317336	7.422001989317335
0.06815	7.633604817808518	7.6388073591174095
-0.0	8.299221428236155	8.29922142823615
-0.0	7.395680958976104	7.395680958976102
0.0	8.336149876966875	8.336149876966877
-0.0	7.852688476263037	7.852688476263034
-0.0	7.852688476263037	7.852688476263034
0.0	7.73004470365883	7.730044703658832
-0.0	7.820180646284686	7.820180646284685
0.0	7.676678466052023	7.676678466052024
0.0	7.636416828188771	7.636416828188772
0.0	7.962102458131155	7.962102458131155
0.06815	7.633604817808518	7.6388073591174095
0.03957	8.382940894345353	8.386258314164095
-0.0	7.422001989317336	7.422001989317335
0.0	7.612194751444098	7.612194751444098
0.06815	7.633604817808518	7.6388073591174095
0.0	7.935201987858273	7.935201987858276
0.0	7.966300620349229	7.966300620349231
0.0	7.676678466052023	7.676678466052024
-0.0	8.299221428236155	8.29922142823615
0.0	7.796989060467133	7.796989060467133
-0.0	7.422001989317336	7.422001989317335
-0.0	7.395680958976104	7.395680958976102
0.0	7.676678466052023	7.676678466052024
0.0	7.7744021075520635	7.7744021075520635
0.0	7.73004470365883	7.730044703658832
0.0	8.336149876966875	8.336149876966877
0.03957	8.382940894345353	8.386258314164095
-0.0	7.422001989317336	7.422001989317335
-0.0	7.851030246880852	7.851030246880849
-0.0	7.563676413159518	7.5636764131595156
0.0	7.612194751444098	7.612194751444098
0.0	7.962102458131155	7.962102458131155
-0.0	8.299221428236155	8.29922142823615
0.03957	8.382940894345353	8.386258314164095
0.0	7.636416828188771	7.636416828188772
-0.0	7.820180646284686	7.820180646284685
0.0	7.338993806037819	7.338993806037821
-0.0	8.299221428236155	8.29922142823615
0.0	7.966300620349229	7.966300620349231
0.0	7.73004470365883	7.730044703658832
-0.0	7.395680958976104	7.395680958976102
0.03957	8.382940894345353	8.386258314164095
0.0	7.935201987858273	7.935201987858276
0.0	7.73004470365883	7.730044703658832
-0.0	7.608719614643309	7.6087196146433085
0.0	7.612194751444098	7.612194751444098
0.0	8.336149876966875	8.336149876966877
0.0	7.612194751444098	7.612194751444098
0.0	7.962102458131155	7.962102458131155
0.0	7.796989060467133	7.796989060467133
-0.0	8.299221428236155	8.29922142823615
-0.0	7.803483150868951	7.803483150868949
0.0	7.7744021075520635	7.7744021075520635
-0.0	7.851030246880852	7.851030246880849
-0.0	7.395680958976104	7.395680958976102
0.0	7.73004470365883	7.730044703658832
-0.0	7.395680958976104	7.395680958976102
0.0	7.966300620349229	7.966300620349231
0.0	7.636416828188771	7.636416828188772
-0.0	7.563676413159518	7.5636764131595156
0.0	7.830192192411764	7.830192192411769
0.0	7.338993806037819	7.338993806037821
0.0	7.612194751444098	7.612194751444098
0.0	7.962102458131155	7.962102458131155
0.0	8.336149876966875	8.336149876966877
0.0	7.935201987858273	7.935201987858276
0.0	7.962102458131155	7.962102458131155
-0.0	7.608719614643309	7.6087196146433085
-0.0	7.7850153422479424	7.785015342247941
0.0	7.966300620349229	7.966300620349231
-0.0	7.820180646284686	7.820180646284685
-0.0	7.803483150868951	7.803483150868949
-0.0	7.395680958976104	7.395680958976102
0.0	7.966300620349229	7.966300620349231
0.0	8.336149876966875	8.336149876966877
0.0	7.7744021075520635	7.7744021075520635
0.0	7.636416828188771	7.636416828188772
0.0	7.830192192411764	7.830192192411769
0.0	8.336149876966875	8.336149876966877
-0.0	7.563676413159518	7.5636764131595156
0.07258	7.828667431079356	7.834349163028055
0.0	7.962102458131155	7.962102458131155
0.0	7.935201987858273	7.935201987858276
0.0	7.796989060467133	7.796989060467133
-0.0	7.7850153422479424	7.785015342247941
0.0	7.636416828188771	7.636416828188772
0.0	8.142419291563417	8.142419291563417
0.0	7.966300620349229	7.966300620349231
-0.0	7.851030246880852	7.851030246880849
0.0	7.636416828188771	7.636416828188772
-0.0	7.820180646284686	7.820180646284685
0.0	7.935201987858273	7.935201987858276
0.07258	7.828667431079356	7.834349163028055
-0.0	8.146865827520935	8.146865827520934
0.0	7.7744021075520635	7.7744021075520635
0.0	8.336149876966875	8.336149876966877
0.0	7.935201987858273	7.935201987858276
0.0	8.142419291563417	8.142419291563417
0.0	7.338993806037819	7.338993806037821
0.0	8.071019799216568	8.071019799216568
-0.0	7.563676413159518	7.5636764131595156
-0.0	8.146865827520935	8.146865827520934
0.0	7.7744021075520635	7.7744021075520635
-0.0	7.608719614643309	7.6087196146433085
0.0	7.796989060467133	7.796989060467133
0.0	7.636416828188771	7.636416828188772
-0.0	7.563676413159518	7.5636764131595156
0.0	7.7744021075520635	7.7744021075520635
0.0	8.071019799216568	8.071019799216568
-0.0	7.820180646284686	7.820180646284685
-0.0	7.803483150868951	7.803483150868949
-0.0	7.851030246880852	7.851030246880849
-0.0	7.563676413159518	7.5636764131595156
-0.0	8.128308497248074	8.128308497248073
0.0	7.935201987858273	7.935201987858276
0.0	7.830192192411764	7.830192192411769
-0.0	7.820180646284686	7.820180646284685
0.0	7.338993806037819	7.338993806037821
-0.0	7.820180646284686	7.820180646284685
-0.0	8.128308497248074	8.128308497248073
0.0	7.7744021075520635	7.7744021075520635
-0.0	7.7850153422479424	7.785015342247941
0.0	7.796989060467133	7.796989060467133
-0.0	7.608719614643309	7.6087196146433085
-0.0	7.563676413159518	7.5636764131595156
-0.0	7.851030246880852	7.851030246880849
-0.0	7.803483150868951	7.803483150868949
0.0	7.796989060467133	7.796989060467133
0.07258	7.828667431079356	7.834349163028055
0.0	7.796989060467133	7.796989060467133
0.0	7.573003551051805	7.573003551051805
-0.0	7.820180646284686	7.820180646284685
0.0	8.142419291563417	8.142419291563417
-0.0	7.851030246880852	7.851030246880849
0.0	7.338993806037819	7.338993806037821
0.0	7.830192192411764	7.830192192411769
-0.0	7.851030246880852	7.851030246880849
-0.0	8.146865827520935	8.146865827520934
-0.0	7.608719614643309	7.6087196146433085
-0.0	7.466585015489563	7.466585015489561
0.0	8.071019799216568	8.071019799216568
0.0	7.338993806037819	7.338993806037821
-0.0	7.7850153422479424	7.785015342247941
0.0	7.700335506075087	7.700335506075087
0.0	7.573003551051805	7.573003551051805
0.0	7.338993806037819	7.338993806037821
0.0	7.796989060467133	7.796989060467133
-0.0	7.803483150868951	7.803483150868949
-0.0	7.608719614643309	7.6087196146433085
-0.0	7.608719614643309	7.6087196146433085
-0.0	7.851030246880852	7.851030246880849
-0.0	8.128308497248074	8.128308497248073
-0.0	7.803483150868951	7.803483150868949
0.0	7.830192192411764	7.830192192411769
0.07258	7.828667431079356	7.834349163028055
-0.0	7.466585015489563	7.466585015489561
-0.0	7.803483150868951	7.803483150868949
0.0	8.142419291563417	8.142419291563417
0.0	7.830192192411764	7.830192192411769
0.0	7.338993806037819	7.338993806037821
0.0	7.700335506075087	7.700335506075087
-0.0	7.7850153422479424	7.785015342247941
0.0	7.830192192411764	7.830192192411769
-0.0	7.608719614643309	7.6087196146433085
-0.0	8.146865827520935	8.146865827520934
-0.0	7.7850153422479424	7.785015342247941
0.0	8.071019799216568	8.071019799216568
-0.0	7.7850153422479424	7.785015342247941
0.0	7.573003551051805	7.573003551051805
-0.0	7.803483150868951	7.803483150868949
0.07258	7.828667431079356	7.834349163028055
0.07258	7.828667431079356	7.834349163028055
0.0	8.142419291563417	8.142419291563417
0.0	7.830192192411764	7.830192192411769
-0.0	7.466585015489563	7.466585015489561
0.0	8.142419291563417	8.142419291563417
0.07258	7.828667431079356	7.834349163028055
-0.0	8.146865827520935	8.146865827520934
-0.0	8.128308497248074	8.128308497248073
0.0	7.700335506075087	7.700335506075087
-0.0	8.146865827520935	8.146865827520934
0.0	8.071019799216568	8.071019799216568
0.0	8.142419291563417	8.142419291563417
-0.0	7.7850153422479424	7.785015342247941
0.0	8.071019799216568	8.071019799216568
-0.0	8.146865827520935	8.146865827520934
0.0	7.593253309452647	7.593253309452647
0.0	8.071019799216568	8.071019799216568
-0.0	8.128308497248074	8.128308497248073
0.07258	7.828667431079356	7.834349163028055
-0.0	8.128308497248074	8.128308497248073
0.0	7.573003551051805	7.573003551051805
0.0	8.142419291563417	8.142419291563417
-0.0	8.128308497248074	8.128308497248073
-0.0	7.834270440468474	7.83427044046847
-0.0	8.146865827520935	8.146865827520934
-0.0	7.466585015489563	7.466585015489561
-0.0	7.63321005817505	7.633210058175048
0.0	7.593253309452647	7.593253309452647
0.0	7.573003551051805	7.573003551051805
0.0	8.071019799216568	8.071019799216568
0.0	7.700335506075087	7.700335506075087
-0.0	7.466585015489563	7.466585015489561
-0.0	7.834270440468474	7.83427044046847
0.0	7.573003551051805	7.573003551051805
-0.0	7.97012464407318	7.970124644073178
0.0	7.700335506075087	7.700335506075087
0.0	7.573003551051805	7.573003551051805
-0.0	8.128308497248074	8.128308497248073
-0.0	7.63321005817505	7.633210058175048
0.0	7.577248492418645	7.577248492418648
-0.0	7.466585015489563	7.466585015489561
0.0	7.593253309452647	7.593253309452647
-0.0	7.791298261101478	7.791298261101477
0.0	7.700335506075087	7.700335506075087
-0.0	7.97012464407318	7.970124644073178
-0.0	7.466585015489563	7.466585015489561
0.0	7.577248492418645	7.577248492418648
0.0	7.381640476435153	7.381640476435157
0.0	7.700335506075087	7.700335506075087
-0.0	7.791298261101478	7.791298261101477
-0.0	7.834270440468474	7.83427044046847
0.0	7.712326299903465	7.7123262999034665
0.0	7.381640476435153	7.381640476435157
-0.0	7.69740644555999	7.697406445559988
0.0	7.573003551051805	7.573003551051805
-0.0	7.63321005817505	7.633210058175048
0.0	7.712326299903465	7.7123262999034665
-0.0	7.69740644555999	7.697406445559988
0.0	7.460884151308774	7.460884151308777
0.0	7.460884151308774	7.460884151308777
-0.0	7.466585015489563	7.466585015489561
0.0	7.593253309452647	7.593253309452647
-0.0	7.97012464407318	7.970124644073178
-0.0	8.059985518005382	8.05998551800538
-0.0	8.059985518005382	8.05998551800538
0.0	7.593253309452647	7.593253309452647
0.0	7.700335506075087	7.700335506075087
0.0	7.577248492418645	7.577248492418648
0.0	7.593253309452647	7.593253309452647
0.0	7.941243001550776	7.941243001550776
0.0	7.941243001550776	7.941243001550776
-0.0	7.791298261101478	7.791298261101477
-0.0	7.834270440468474	7.83427044046847
0.0	7.660424840236974	7.660424840236974
-0.0	7.834270440468474	7.83427044046847
-0.0	7.834270440468474	7.83427044046847
0.0	7.381640476435153	7.381640476435157
0.0	7.660424840236974	7.660424840236974
-0.0	7.63321005817505	7.633210058175048
-0.0	7.63321005817505	7.633210058175048
-0.0	7.63321005817505	7.633210058175048
0.35498	7.957134538139077	7.985380697022381
0.0	7.712326299903465	7.7123262999034665
0.35498	7.957134538139077	7.985380697022381
0.0	7.593253309452647	7.593253309452647
0.0	7.709175859128548	7.709175859128551
-0.0	7.69740644555999	7.697406445559988
0.0	7.709175859128548	7.709175859128551
-0.0	7.97012464407318	7.970124644073178
-0.0	7.97012464407318	7.970124644073178
-0.0	7.97012464407318	7.970124644073178
0.0	7.460884151308774	7.460884151308777
0.0	7.577248492418645	7.577248492418648
0.0	7.577248492418645	7.577248492418648
0.0	7.760023351989267	7.760023351989268
0.0	7.760023351989267	7.760023351989268
0.0	7.577248492418645	7.577248492418648
-0.0	7.791298261101478	7.791298261101477
-0.0	7.791298261101478	7.791298261101477
-0.0	7.834270440468474	7.83427044046847
0.0	7.8861181243799585	7.886118124379963
-0.0	8.059985518005382	8.05998551800538
0.0	7.8861181243799585	7.886118124379963
-0.0	7.791298261101478	7.791298261101477
0.0	7.381640476435153	7.381640476435157
0.0	7.593253309452647	7.593253309452647
0.0	7.570968431800042	7.5709684318000425
0.0	7.712326299903465	7.7123262999034665
0.0	7.381640476435153	7.381640476435157
0.0	7.570968431800042	7.5709684318000425
-0.0	7.63321005817505	7.633210058175048
-0.0	7.904949699176475	7.904949699176474
0.0	7.381640476435153	7.381640476435157
-0.0	7.69740644555999	7.697406445559988
-0.0	7.904949699176475	7.904949699176474
0.0	7.941243001550776	7.941243001550776
0.0	7.712326299903465	7.7123262999034665
0.0	7.712326299903465	7.7123262999034665
-0.0	7.834270440468474	7.83427044046847
0.0	7.460884151308774	7.460884151308777
-0.0	7.69740644555999	7.697406445559988
0.0	8.0803766391598	8.0803766391598
-0.0	7.69740644555999	7.697406445559988
-0.0	7.63321005817505	7.633210058175048
0.0	7.660424840236974	7.660424840236974
-0.0	7.97012464407318	7.970124644073178
0.0	7.460884151308774	7.460884151308777
-0.0	8.059985518005382	8.05998551800538
0.0	8.0803766391598	8.0803766391598
0.0	7.460884151308774	7.460884151308777
0.0	7.577248492418645	7.577248492418648
-0.0	7.80942578498976	7.809425784989759
-0.0	8.059985518005382	8.05998551800538
-0.0	7.791298261101478	7.791298261101477
0.35498	7.957134538139077	7.985380697022381
-0.0	7.97012464407318	7.970124644073178
0.0	7.941243001550776	7.941243001550776
-0.0	7.80942578498976	7.809425784989759
0.0	7.845023987468976	7.845023987468976
-0.0	8.059985518005382	8.05998551800538
0.0	7.709175859128548	7.709175859128551
0.0	7.941243001550776	7.941243001550776
0.0	7.577248492418645	7.577248492418648
0.0	7.660424840236974	7.660424840236974
0.0	7.381640476435153	7.381640476435157
0.0	7.845023987468976	7.845023987468976
-0.0	7.791298261101478	7.791298261101477
0.0	7.660424840236974	7.660424840236974
0.0	7.712326299903465	7.7123262999034665
0.0	7.962494919747179	7.962494919747181
0.0	7.941243001550776	7.941243001550776
0.0	7.962494919747179	7.962494919747181
0.0	7.760023351989267	7.760023351989268
0.35498	7.957134538139077	7.985380697022381
-0.0	7.69740644555999	7.697406445559988
0.0	7.381640476435153	7.381640476435157
0.0	7.709175859128548	7.709175859128551
0.0	7.767015180763759	7.76701518076376
0.0	7.767015180763759	7.76701518076376
0.0	7.8861181243799585	7.886118124379963
0.0	7.660424840236974	7.660424840236974
0.35498	7.957134538139077	7.985380697022381
0.0	7.712326299903465	7.7123262999034665
-0.0	7.6617104017119715	7.661710401711969
0.0	7.570968431800042	7.5709684318000425
0.0	7.460884151308774	7.460884151308777
-0.0	7.6617104017119715	7.661710401711969
0.0	7.709175859128548	7.709175859128551
0.0	7.760023351989267	7.760023351989268
-0.0	7.69740644555999	7.697406445559988
-0.0	7.904949699176475	7.904949699176474
0.0	7.782071889152811	7.782071889152812
-0.0	8.059985518005382	8.05998551800538
0.35498	7.957134538139077	7.985380697022381
0.0	7.8861181243799585	7.886118124379963
-0.0	7.2167569943669125	7.21675699436691
0.0	7.460884151308774	7.460884151308777
0.0	7.760023351989267	7.760023351989268
0.0	7.782071889152811	7.782071889152812
0.0	7.709175859128548	7.709175859128551
0.0	7.570968431800042	7.5709684318000425
0.0	7.8861181243799585	7.886118124379963
-0.0	7.2167569943669125	7.21675699436691
-0.0	7.904949699176475	7.904949699176474
0.0	8.0803766391598	8.0803766391598
0.0	7.941243001550776	7.941243001550776
-0.0	8.059985518005382	8.05998551800538
0.0	7.8935077329391845	7.8935077329391845
0.0	7.570968431800042	7.5709684318000425
0.0	7.760023351989267	7.760023351989268
-0.0	7.808852573725527	7.8088525737255265
-0.0	7.904949699176475	7.904949699176474
0.0	7.660424840236974	7.660424840236974
0.0	7.8861181243799585	7.886118124379963
-0.0	7.80942578498976	7.809425784989759
0.0	7.941243001550776	7.941243001550776
-0.0	7.8646476952055275	7.864647695205526
0.0	7.8935077329391845	7.8935077329391845
0.0	8.0803766391598	8.0803766391598
0.0	7.570968431800042	7.5709684318000425
0.0	7.845023987468976	7.845023987468976
0.0	7.660424840236974	7.660424840236974
-0.0	7.904949699176475	7.904949699176474
0.35498	7.957134538139077	7.985380697022381
-0.0	7.808852573725527	7.8088525737255265
0.0	8.0803766391598	8.0803766391598
0.0	7.709175859128548	7.709175859128551
-0.0	7.80942578498976	7.809425784989759
-0.0	7.8646476952055275	7.864647695205526
0.0	7.962494919747179	7.962494919747181
0.35498	7.957134538139077	7.985380697022381
-0.0	7.80942578498976	7.809425784989759
0.0	7.845023987468976	7.845023987468976
0.0	8.0803766391598	8.0803766391598
0.0	7.767015180763759	7.76701518076376
0.0	7.834776685145467	7.834776685145471
0.0	7.760023351989267	7.760023351989268
0.0	7.709175859128548	7.709175859128551
0.0	7.845023987468976	7.845023987468976
-0.0	7.784824915252798	7.784824915252797
0.0	7.8861181243799585	7.886118124379963
-0.0	7.6617104017119715	7.661710401711969
0.0	7.962494919747179	7.962494919747181
0.0	7.266632534669577	7.26663253466958
0.0	7.570968431800042	7.5709684318000425
-0.0	7.80942578498976	7.809425784989759
0.0	7.760023351989267	7.760023351989268
0.0	7.767015180763759	7.76701518076376
0.0	7.962494919747179	7.962494919747181
-0.0	7.582939265346001	7.582939265345998
-0.0	7.904949699176475	7.904949699176474
0.0	7.8861181243799585	7.886118124379963
0.0	7.845023987468976	7.845023987468976
0.0	7.782071889152811	7.782071889152812
0.0	7.767015180763759	7.76701518076376
0.0	7.834776685145467	7.834776685145471
-0.0	7.6617104017119715	7.661710401711969
0.0	7.570968431800042	7.5709684318000425
-0.0	7.2167569943669125	7.21675699436691
-0.0	7.784824915252798	7.784824915252797
0.0	7.673984816270325	7.673984816270326
-0.0	7.6617104017119715	7.661710401711969
-0.0	7.904949699176475	7.904949699176474
0.0	7.962494919747179	7.962494919747181
0.0	8.0803766391598	8.0803766391598
0.0	7.266632534669577	7.26663253466958
0.0	7.782071889152811	7.782071889152812
-0.0	7.582939265346001	7.582939265345998
0.0	7.767015180763759	7.76701518076376
0.0	7.901367184999755	7.901367184999755
0.0	7.8935077329391845	7.8935077329391845
0.0	7.782071889152811	7.782071889152812
-0.0	7.2167569943669125	7.21675699436691
-0.0	7.80942578498976	7.809425784989759
0.0	8.0803766391598	8.0803766391598
0.0	7.673984816270325	7.673984816270326
-0.0	7.6617104017119715	7.661710401711969
-0.0	7.808852573725527	7.8088525737255265
-0.0	7.2167569943669125	7.21675699436691
-0.0	7.927228693859526	7.927228693859523
-0.0	7.8646476952055275	7.864647695205526
0.0	7.901367184999755	7.901367184999755
0.0	7.845023987468976	7.845023987468976
0.0	7.8935077329391845	7.8935077329391845
-0.0	7.80942578498976	7.809425784989759
0.0	7.782071889152811	7.782071889152812
-0.0	7.927228693859526	7.927228693859523
0.0	7.8935077329391845	7.8935077329391845
-0.0	7.2167569943669125	7.21675699436691
0.0	7.962494919747179	7.962494919747181
-0.0	7.808852573725527	7.8088525737255265
0.0	7.845023987468976	7.845023987468976
-0.0	7.808852573725527	7.8088525737255265
0.0	7.767015180763759	7.76701518076376
-0.0	7.8646476952055275	7.864647695205526
-0.0	7.8646476952055275	7.864647695205526
0.0	7.962494919747179	7.962494919747181
0.0	7.834776685145467	7.834776685145471
0.0	7.8935077329391845	7.8935077329391845
-0.0	7.6617104017119715	7.661710401711969
-0.0	7.784824915252798	7.784824915252797
0.0	7.767015180763759	7.76701518076376
0.0	7.664335534340828	7.664335534340829
-0.0	7.808852573725527	7.8088525737255265
0.0	7.266632534669577	7.26663253466958
0.0	7.782071889152811	7.782071889152812
-0.0	7.6617104017119715	7.661710401711969
-0.0	7.582939265346001	7.582939265345998
-0.0	7.911301115544897	7.911301115544895
-0.0	7.8646476952055275	7.864647695205526
-0.0	7.2167569943669125	7.21675699436691
0.28275	8.018487800790842	8.041160352664452
0.0	7.673984816270325	7.673984816270326
0.0	7.834776685145467	7.834776685145471
0.0	7.782071889152811	7.782071889152812
0.0	7.664335534340828	7.664335534340829
0.0	7.834776685145467	7.834776685145471
-0.0	7.784824915252798	7.784824915252797
0.0	7.901367184999755	7.901367184999755
-0.0	7.723176891346696	7.723176891346694
-0.0	7.2167569943669125	7.21675699436691
0.0	7.8935077329391845	7.8935077329391845
-0.0	7.784824915252798	7.784824915252797
-0.0	7.453540853813084	7.453540853813082
-0.0	7.927228693859526	7.927228693859523
0.0	7.266632534669577	7.26663253466958
-0.0	7.911301115544897	7.911301115544895
-0.0	7.808852573725527	7.8088525737255265
0.0	7.9090032269355515	7.909003226935552
0.0	7.266632534669577	7.26663253466958
-0.0	7.582939265346001	7.582939265345998
0.0	7.8935077329391845	7.8935077329391845
0.28275	8.018487800790842	8.041160352664452
0.0	7.658072121587398	7.658072121587399
-0.0	7.8646476952055275	7.864647695205526
-0.0	7.582939265346001	7.582939265345998
0.0	7.834776685145467	7.834776685145471
0.0	7.673984816270325	7.673984816270326
-0.0	7.723176891346696	7.723176891346694
0.0	7.768732153660976	7.768732153660979
-0.0	7.808852573725527	7.8088525737255265
-0.0	7.453540853813084	7.453540853813082
-0.0	7.784824915252798	7.784824915252797
0.0	8.058319281082113	8.058319281082113
0.0	7.901367184999755	7.901367184999755
0.0	7.673984816270325	7.673984816270326
-0.0	7.8646476952055275	7.864647695205526
-0.0	7.918068502286792	7.918068502286791
0.0	7.9090032269355515	7.909003226935552
0.0	7.266632534669577	7.26663253466958
-0.0	7.927228693859526	7.927228693859523
0.0	7.658072121587398	7.658072121587399
-0.0	7.76701542714095	7.767015427140949
0.0	7.664335534340828	7.664335534340829
0.0	7.901367184999755	7.901367184999755
