Average gap is: 0.08772 timecost: 655.293; Average global distance: 10.62111, local distance: 10.63040
0.15908	10.298959382932638	10.315342565681934
0.15908	10.298959382932638	10.315342565681934
0.15908	10.298959382932638	10.315342565681934
0.15908	10.298959382932638	10.315342565681934
0.15908	10.298959382932638	10.315342565681934
0.15908	10.298959382932638	10.315342565681934
0.15908	10.298959382932638	10.315342565681934
0.15908	10.298959382932638	10.315342565681934
0.14601	10.623340661685827	10.638851978281071
0.14601	10.623340661685827	10.638851978281071
0.14601	10.623340661685827	10.638851978281071
0.14601	10.623340661685827	10.638851978281071
0.14601	10.623340661685827	10.638851978281071
0.14601	10.623340661685827	10.638851978281071
0.14601	10.623340661685827	10.638851978281071
0.14601	10.623340661685827	10.638851978281071
0.0458	10.646854240967928	10.651730154839559
0.0458	10.646854240967928	10.651730154839559
0.0458	10.646854240967928	10.651730154839559
0.0458	10.646854240967928	10.651730154839559
0.0458	10.646854240967928	10.651730154839559
0.0	10.862917989792821	10.862917989792827
0.0	10.862917989792821	10.862917989792827
0.0	10.862917989792821	10.862917989792827
0.0	10.862917989792821	10.862917989792827
0.0	10.862917989792821	10.862917989792827
0.0	10.65562356937796	10.65562356937797
0.0	10.65562356937796	10.65562356937797
0.0	10.65562356937796	10.65562356937797
0.0	10.65562356937796	10.65562356937797
0.0	10.65562356937796	10.65562356937797
0.0458	10.646854240967928	10.651730154839559
0.0458	10.646854240967928	10.651730154839559
0.0458	10.646854240967928	10.651730154839559
0.23256	10.827521781000671	10.85270259018903
0.23256	10.827521781000671	10.85270259018903
0.23256	10.827521781000671	10.85270259018903
0.23256	10.827521781000671	10.85270259018903
0.0	10.862917989792821	10.862917989792827
0.0	10.862917989792821	10.862917989792827
0.0	10.862917989792821	10.862917989792827
0.19831	10.827518515204403	10.8489908860386
0.19831	10.827518515204403	10.8489908860386
0.19831	10.827518515204403	10.8489908860386
0.19831	10.827518515204403	10.8489908860386
0.23256	10.827521781000671	10.85270259018903
0.0	10.65562356937796	10.65562356937797
0.0	10.65562356937796	10.65562356937797
0.0	10.65562356937796	10.65562356937797
0.08396	10.041938992891275	10.050370703664578
0.19831	10.827518515204403	10.8489908860386
0.08396	10.041938992891275	10.050370703664578
0.08396	10.041938992891275	10.050370703664578
0.08396	10.041938992891275	10.050370703664578
0.0	10.551657021013574	10.551657021013574
0.0	10.551657021013574	10.551657021013574
0.0	10.551657021013574	10.551657021013574
0.0	10.551657021013574	10.551657021013574
-0.0	10.882630191618967	10.882630191618958
-0.0	10.882630191618967	10.882630191618958
-0.0	10.882630191618967	10.882630191618958
0.08396	10.041938992891275	10.050370703664578
0.23256	10.827521781000671	10.85270259018903
-0.0	10.882630191618967	10.882630191618958
