Average gap is: 0.00000 timecost: 745.562; Average global distance: 5.69624, local distance: 5.69624
0.0	5.880755659806171	5.880755659806172
0.0	5.795541946247614	5.795541946247614
0.0	5.919513805377247	5.919513805377247
0.0	5.81647807740259	5.81647807740259
0.0	5.439840500635026	5.439840500635027
0.0	5.3767728650810644	5.3767728650810644
-0.0	5.534211176048369	5.534211176048368
-0.0	5.685311034601409	5.685311034601408
0.0	5.2776640652260305	5.277664065226031
-0.0	5.8340880666403425	5.834088066640341
0.0	5.587107773789156	5.587107773789156
0.0	5.807150155040065	5.807150155040065
0.0	5.650065017878708	5.650065017878708
-0.0	5.356180191969925	5.356180191969924
0.0	5.496662938529823	5.496662938529824
0.0	5.888078534580584	5.888078534580584
0.0	5.929914141067202	5.929914141067202
0.0	5.773668294431216	5.773668294431216
-0.0	5.686350156174282	5.6863501561742815
0.0	5.432806290835784	5.432806290835784
0.0	5.602437023222848	5.602437023222848
-0.0	6.090649004461293	6.090649004461292
0.0	5.7234604403136755	5.7234604403136755
0.0	5.443846058765157	5.443846058765157
0.0	5.402561233251656	5.402561233251656
0.0	6.146814595516936	6.146814595516936
0.0	5.486320765777762	5.486320765777763
0.0	5.1014528801235866	5.1014528801235866
0.0	5.267119054389515	5.267119054389516
0.0	5.662142251097626	5.662142251097626
-0.0	5.364974025091887	5.364974025091886
0.0	5.856539268409829	5.856539268409829
0.0	5.325522294831515	5.325522294831515
-0.0	5.676800468129413	5.676800468129412
0.0	6.0240558342754955	6.0240558342754955
-0.0	5.956577799355783	5.956577799355782
-0.0	5.770566506541279	5.770566506541278
0.0	5.933112380912252	5.933112380912252
0.0	5.580989463499106	5.580989463499107
0.0	5.727588955231212	5.727588955231212
0.0	5.709532692722291	5.709532692722292
0.0	5.089156528312327	5.089156528312327
-0.0	5.55132020193272	5.551320201932719
0.0	5.987297329545155	5.987297329545155
0.0	5.568251344536054	5.568251344536055
0.0	6.066837120720745	6.066837120720745
0.0	5.297317029531849	5.297317029531849
0.0	5.61783882825911	5.61783882825911
0.0	5.844117427311286	5.844117427311286
0.0	5.621493508765719	5.621493508765719
-0.0	5.752289054777727	5.752289054777726
0.0	6.0174069014613085	6.0174069014613085
0.0	5.283845982566305	5.283845982566305
0.0	5.280316541888406	5.280316541888407
-0.0	5.672521529038169	5.6725215290381685
0.0	6.076230756919259	6.0762307569192595
0.0	6.024790109651088	6.0247901096510885
0.0	5.950532170975422	5.950532170975422
0.0	4.981374491294746	4.981374491294747
0.0	6.196231825472844	6.196231825472844
-0.0	5.557849620657197	5.557849620657196
0.0	5.922569499882585	5.922569499882587
0.0	5.9181712853992385	5.9181712853992385
0.0	5.677859437476926	5.677859437476926
0.0	5.805993616516462	5.805993616516463
0.0	5.620008637721771	5.620008637721771
0.0	5.494492797240962	5.494492797240962
0.0	5.739857807059957	5.739857807059958
0.0	5.195616481489602	5.195616481489602
0.0	5.613787811559886	5.613787811559886
0.0	5.76012238892319	5.76012238892319
0.0	5.666649952062852	5.666649952062853
-0.0	5.697552894318916	5.697552894318915
0.0	5.736632165230839	5.736632165230841
0.0	6.23026602076334	6.23026602076334
0.0	5.828461250991024	5.828461250991026
-0.0	5.798211959785259	5.798211959785258
0.0	5.611190159276116	5.611190159276116
0.0	5.412924312298776	5.412924312298776
-0.0	5.634761941420511	5.63476194142051
-0.0	5.620754177579794	5.6207541775797925
0.0	5.29542453715354	5.295424537153541
0.0	5.652982631439774	5.652982631439774
0.0	6.013206251725932	6.013206251725932
0.0	5.79012886589361	5.79012886589361
0.0	5.897051929120048	5.897051929120049
0.0	5.857801320212914	5.857801320212916
0.0	5.100915877175179	5.10091587717518
-0.0	5.713206807489847	5.713206807489845
0.0	5.608761590243887	5.608761590243887
0.0	5.674358078701555	5.674358078701555
-0.0	5.807164583592843	5.807164583592842
-0.0	5.290750427816006	5.290750427816005
0.0	5.639331742431061	5.639331742431061
0.0	5.697082301159916	5.697082301159917
-0.0	6.035825471847071	6.03582547184707
0.0	5.28064344057135	5.28064344057135
0.0	5.445717962729724	5.445717962729724
0.0	5.6169075163745505	5.6169075163745505
-0.0	5.8660508936643065	5.866050893664306
0.0	5.618302610032501	5.618302610032501
-0.0	6.141001925768027	6.141001925768026
0.0	5.507088408676283	5.507088408676283
0.0	5.419668184701047	5.419668184701047
0.0	5.674460558148449	5.67446055814845
0.0	5.900528765401702	5.900528765401702
-0.0	5.786303906936599	5.786303906936597
-0.0	5.965968978898047	5.965968978898046
0.0	5.775982974260907	5.775982974260907
-0.0	6.253560187381251	6.25356018738125
0.0	5.423854577355266	5.423854577355267
-0.0	6.213018321371813	6.213018321371812
-0.0	5.768373507573196	5.7683735075731954
0.0	5.61319991348841	5.613199913488411
0.0	5.846622227468677	5.846622227468677
0.0	5.530984360555256	5.530984360555256
0.0	5.878429658357437	5.878429658357438
0.0	5.479572418443912	5.479572418443912
0.0	5.605346586945329	5.60534658694533
0.0	5.4595245087065	5.4595245087065
0.0	5.894497380493739	5.894497380493739
0.0	5.800062309530093	5.800062309530093
-0.0	5.66984021769065	5.669840217690649
-0.0	5.441586044399582	5.441586044399581
-0.0	5.426388873116914	5.426388873116913
0.0	5.538233965192658	5.538233965192658
0.0	6.0552721616970215	6.055272161697022
0.0	5.630089800251324	5.630089800251324
0.0	6.083734555541125	6.083734555541125
-0.0	5.511523737110035	5.511523737110034
-0.0	5.376638488034503	5.376638488034502
-0.0	6.032128320982807	6.032128320982806
0.0	5.629161209418936	5.629161209418936
-0.0	5.689092973274677	5.6890929732746764
0.0	6.004730356498801	6.004730356498801
0.0	5.2243645184205425	5.2243645184205425
0.0	5.685162349416883	5.685162349416884
-0.0	5.397537917565778	5.397537917565776
0.0	5.7099369293541375	5.7099369293541375
0.0	5.505291433217858	5.505291433217859
0.0	5.853975796606695	5.853975796606695
0.0	6.070845910306961	6.070845910306962
0.0	5.959353200300752	5.959353200300752
0.0	5.858379782254714	5.858379782254714
0.0	5.161408421631526	5.161408421631526
-0.0	5.4982668823002	5.498266882300199
0.0	5.044540982632076	5.044540982632076
0.0	5.6525801510230655	5.652580151023066
-0.0	5.6771992220316845	5.677199222031684
0.0	5.6012128451386936	5.601212845138694
0.0	5.924869259707083	5.924869259707083
0.0	5.653095895562236	5.653095895562236
-0.0	6.283090066275076	6.283090066275075
-0.0	5.512351053597319	5.512351053597318
0.0	5.556390082719392	5.556390082719392
0.0	5.842412041153944	5.842412041153945
0.0	5.240382679623607	5.240382679623607
0.0	5.481114312193019	5.481114312193019
0.0	5.489845016727288	5.489845016727288
0.0	5.86034792870343	5.86034792870343
0.0	5.594415002439002	5.594415002439002
-0.0	5.614891180155945	5.6148911801559445
-0.0	5.815102924682327	5.815102924682326
-0.0	5.667130478276722	5.667130478276721
0.0	5.841013675229767	5.841013675229767
-0.0	5.3732449482154685	5.373244948215468
-0.0	5.589064092111641	5.58906409211164
0.0	5.592346580297017	5.592346580297017
-0.0	5.708391006501749	5.708391006501747
-0.0	5.888651230522249	5.888651230522248
-0.0	5.841664307980363	5.841664307980361
0.0	5.700179906740162	5.700179906740162
0.0	6.071581373098157	6.071581373098157
0.0	5.405655218702145	5.405655218702146
0.0	5.733515823475209	5.733515823475209
0.0	5.7525798183115295	5.75257981831153
0.0	5.398462235086937	5.398462235086937
-0.0	5.843678725662089	5.843678725662088
-0.0	5.606962041479411	5.60696204147941
0.0	5.896799280898721	5.896799280898721
0.0	5.670578853816609	5.670578853816609
0.0	5.770331055200345	5.770331055200345
0.0	6.210178513949863	6.210178513949864
-0.0	6.0584543782283635	6.058454378228363
0.0	5.842606282412006	5.842606282412007
0.0	5.554740452783884	5.554740452783884
0.0	5.170593542144542	5.170593542144543
0.0	5.40608691061189	5.40608691061189
-0.0	5.501210972308673	5.501210972308672
-0.0	5.905792282010655	5.905792282010654
0.0	5.647526541359669	5.64752654135967
-0.0	5.814335263994534	5.814335263994533
0.0	5.709317167017001	5.709317167017001
0.0	5.622672037328436	5.622672037328436
0.0	5.8389114642409785	5.838911464240979
-0.0	5.937931736793679	5.937931736793678
0.0	5.246351939783118	5.246351939783118
0.0	5.780834151802447	5.7808341518024475
0.0	5.414033232172814	5.414033232172814
0.0	5.944299777268275	5.944299777268275
-0.0	5.846951396533211	5.8469513965332105
0.0	5.0652642331958	5.0652642331958
0.0	5.723198944062599	5.723198944062599
-0.0	5.736866638793446	5.736866638793445
-0.0	5.584615940488657	5.584615940488656
0.0	5.810807454428702	5.810807454428702
-0.0	5.728278146766888	5.728278146766887
0.0	5.585633066164219	5.5856330661642195
-0.0	5.8961537983962975	5.896153798396297
0.0	5.632742039129789	5.632742039129789
0.0	6.317685707584793	6.317685707584794
0.0	5.871316711296135	5.871316711296136
0.0	5.879965495820281	5.879965495820282
0.0	5.312949523546663	5.312949523546663
0.0	5.750072163808252	5.750072163808252
-0.0	5.908279780430102	5.908279780430101
-0.0	5.389132526676779	5.389132526676778
0.0	5.549891363228152	5.549891363228152
-0.0	5.670661613792038	5.670661613792037
0.0	5.554215107772665	5.554215107772665
0.0	6.012889865541934	6.012889865541934
0.0	5.570223909577676	5.570223909577676
0.0	5.675465367487637	5.6754653674876385
-0.0	5.655914899731053	5.655914899731052
-0.0	5.761084194159404	5.7610841941594035
0.0	5.65691903123055	5.65691903123055
0.0	5.53267735795617	5.532677357956171
0.0	5.677813271220944	5.677813271220944
0.0	5.941608494949456	5.941608494949456
0.0	5.721854791189434	5.721854791189434
0.0	5.933579614596589	5.93357961459659
0.0	5.61197250308769	5.61197250308769
0.0	6.136522959878562	6.136522959878562
0.0	5.851322952406108	5.851322952406108
0.0	5.310940239179383	5.310940239179383
0.0	5.271909713592975	5.271909713592975
0.0	5.717222293915391	5.717222293915391
-0.0	5.66907258769945	5.669072587699449
-0.0	5.485590649678212	5.48559064967821
0.0	5.424254150507319	5.424254150507319
0.0	5.8981596287708165	5.8981596287708165
0.0	5.735330700580049	5.73533070058005
0.0	5.654124571043116	5.654124571043116
0.0	5.438997817109619	5.43899781710962
0.0	5.511441733346441	5.511441733346441
-0.0	5.298347508513956	5.298347508513955
0.0	5.678217260283237	5.678217260283237
0.0	5.73061101506722	5.73061101506722
0.0	6.043601289112611	6.043601289112611
0.0	5.881659784385613	5.881659784385613
0.0	5.94914842763734	5.949148427637341
0.0	5.163005014146456	5.1630050141464565
0.0	5.913141848492165	5.913141848492165
0.0	5.676710115978971	5.676710115978972
0.0	5.968792900841327	5.968792900841328
0.0	5.91187812088913	5.91187812088913
0.0	5.359018173578386	5.359018173578386
-0.0	5.779026253359412	5.77902625335941
-0.0	5.75974828579341	5.7597482857934095
0.0	5.877263411869542	5.877263411869542
0.0	5.568988694074594	5.568988694074595
0.0	5.640519556817036	5.640519556817036
0.0	6.240058308651394	6.2400583086513945
0.0	5.698189647149091	5.698189647149092
0.0	5.715971619730136	5.715971619730137
0.0	5.693063980786345	5.693063980786345
0.0	6.153355340096901	6.153355340096901
-0.0	6.053210039323634	6.053210039323632
0.0	5.569333350871199	5.569333350871199
0.0	5.709294407977389	5.709294407977389
0.0	5.75537814178544	5.75537814178544
-0.0	5.547861129834725	5.5478611298347245
-0.0	5.807103934119688	5.807103934119687
-0.0	5.770706044751826	5.770706044751824
0.0	5.627943856294719	5.62794385629472
0.0	5.997540013600269	5.997540013600269
0.0	5.634444588583397	5.634444588583397
0.0	5.539834568663517	5.539834568663517
0.0	5.405586123060617	5.405586123060618
0.0	5.981131770090173	5.981131770090173
0.0	5.998998106901111	5.998998106901112
0.0	6.22004867329262	6.220048673292621
0.0	5.37370544788916	5.373705447889161
0.0	5.560848322821201	5.560848322821202
0.0	5.0027518484295825	5.0027518484295825
0.0	5.9866263623511955	5.986626362351196
0.0	6.015297222600957	6.015297222600958
0.0	5.939538895324652	5.939538895324652
0.0	5.823053285544587	5.823053285544587
-0.0	5.455546009447786	5.455546009447785
-0.0	5.556938129411932	5.5569381294119315
0.0	5.604436105713274	5.604436105713275
-0.0	5.392232760204916	5.392232760204915
0.0	5.706560954562727	5.706560954562728
0.0	5.6807201876640665	5.680720187664067
0.0	5.597885966743554	5.597885966743556
0.0	5.460930753285714	5.460930753285714
0.0	5.621299786608947	5.621299786608947
-0.0	5.284792592143598	5.284792592143596
0.0	5.908751784890233	5.908751784890234
-0.0	5.70579624682022	5.705796246820219
-0.0	5.575416296998547	5.575416296998546
-0.0	5.516252184082049	5.516252184082048
-0.0	5.73048359094595	5.7304835909459495
0.0	5.653910047330123	5.653910047330124
-0.0	5.761179275001982	5.7611792750019815
0.0	5.2670741054054755	5.2670741054054755
0.0	6.068468459897861	6.068468459897861
-0.0	5.906135395348057	5.906135395348056
-0.0	5.725862459498529	5.725862459498528
0.0	5.734474625397532	5.734474625397532
0.0	5.81685965468691	5.81685965468691
-0.0	5.505217990328537	5.5052179903285365
0.0	5.836698528894486	5.836698528894487
-0.0	5.4461648133945095	5.446164813394509
0.0	5.504892090120823	5.504892090120824
0.0	5.478099312876447	5.478099312876447
0.0	5.302716676161258	5.302716676161258
0.0	5.406112080905851	5.406112080905851
0.0	5.6924907822164466	5.6924907822164466
0.0	5.844177345921867	5.844177345921867
0.0	5.62193083417702	5.62193083417702
0.0	5.789883954586429	5.78988395458643
0.0	5.266761024821474	5.2667610248214745
0.0	6.007956314353035	6.007956314353035
0.0	5.423495769095786	5.423495769095786
0.0	5.550491025363028	5.550491025363028
-0.0	5.993300679109392	5.9933006791093915
0.0	5.927269772629564	5.927269772629565
0.0	5.620319234596826	5.620319234596826
0.0	5.6306318790737775	5.6306318790737775
0.0	5.548711416020504	5.548711416020504
0.0	5.442197074654768	5.442197074654768
0.0	5.861398135013555	5.861398135013556
-0.0	5.522175822603719	5.522175822603717
0.0	5.657661200508736	5.657661200508737
0.0	5.9554990875419245	5.9554990875419245
0.0	5.493843268113213	5.493843268113213
0.0	5.506981096943944	5.506981096943944
0.0	5.430476736818674	5.430476736818675
0.0	5.837149728416803	5.837149728416803
0.0	5.907144986334769	5.907144986334769
0.0	5.813624302283163	5.813624302283163
0.0	5.394155208551245	5.394155208551246
0.0	5.782775212338388	5.782775212338388
0.0	6.034751562582411	6.034751562582412
-0.0	5.8598346950075975	5.859834695007597
0.0	5.591558392531226	5.591558392531227
0.0	5.9233407888009335	5.9233407888009335
0.0	5.594763567941998	5.594763567941998
0.0	5.937080355453311	5.937080355453311
0.0	5.721371315763637	5.721371315763637
0.0	5.957714159880377	5.957714159880377
0.0	5.3441944048267365	5.3441944048267365
0.0	5.745530565372248	5.745530565372248
-0.0	5.925762266698065	5.925762266698064
0.0	5.7235780064728745	5.7235780064728745
-0.0	5.950775131535588	5.950775131535587
0.0	5.576724078006496	5.576724078006496
0.0	5.645214184548234	5.645214184548234
0.0	5.718932254134491	5.718932254134491
0.0	5.80315583173187	5.803155831731871
-0.0	5.722932569497682	5.722932569497681
-0.0	5.785731824042022	5.785731824042021
0.0	6.053116123037617	6.053116123037617
0.0	5.95239664805001	5.95239664805001
-0.0	5.765714020781011	5.76571402078101
0.0	5.80737017701162	5.807370177011622
0.0	5.687938786634216	5.687938786634216
0.0	5.989784437947405	5.989784437947406
0.0	5.802618131726672	5.802618131726672
-0.0	5.54880118280604	5.548801182806039
-0.0	6.330332091053325	6.330332091053324
0.0	5.954781861245636	5.954781861245637
0.0	6.250662829819825	6.250662829819825
0.0	5.911951012113776	5.911951012113777
0.0	5.868655748450695	5.868655748450696
0.0	5.710488636432341	5.710488636432342
0.0	5.260699222526336	5.260699222526336
0.0	5.522405701341534	5.522405701341534
0.0	5.91682645679233	5.91682645679233
-0.0	6.012289886323682	6.012289886323681
-0.0	5.710187937726291	5.71018793772629
0.0	5.348956320167377	5.348956320167377
0.0	5.704309044860845	5.704309044860846
0.0	5.336270957685327	5.336270957685328
0.0	5.4236266146315035	5.4236266146315035
0.0	5.599167403019243	5.599167403019243
0.0	5.322165803662362	5.322165803662362
0.0	5.937496911730718	5.937496911730719
0.0	5.859980207262394	5.859980207262395
0.0	5.323625656972796	5.323625656972797
-0.0	5.987477993199396	5.987477993199395
0.0	5.561967151108164	5.561967151108165
0.0	6.116090412797893	6.116090412797893
0.0	6.073967598795459	6.07396759879546
0.0	5.68594901047465	5.68594901047465
0.0	5.202317268662469	5.202317268662469
0.0	5.779604904132419	5.7796049041324205
0.0	5.511178845171622	5.511178845171623
0.0	5.55841330695891	5.558413306958911
-0.0	5.86061825244491	5.860618252444909
0.0	5.718233506980431	5.718233506980431
-0.0	5.829305178566528	5.8293051785665275
0.0	5.863473597276323	5.863473597276323
0.0	5.4834939575015476	5.483493957501548
0.0	5.6951953557792905	5.695195355779291
0.0	6.072610109260301	6.072610109260301
-0.0	5.294276495894157	5.294276495894156
0.0	5.214385248314658	5.214385248314658
0.0	5.424650866811648	5.424650866811648
0.0	5.768960624432829	5.76896062443283
0.0	5.851160032189452	5.851160032189453
-0.0	5.7411117499316715	5.741111749931671
-0.0	5.620579394942134	5.620579394942133
0.0	5.741138475465835	5.741138475465836
0.0	5.690224333934724	5.690224333934725
0.0	5.610032847486677	5.610032847486677
0.0	5.680048315702262	5.680048315702262
0.0	5.3815780256654655	5.3815780256654655
0.0	5.7384543245006965	5.7384543245006965
0.0	6.267910839425717	6.267910839425717
0.0	5.9795300293730325	5.9795300293730325
0.0	5.865397158165675	5.865397158165676
-0.0	5.421302874927283	5.4213028749272825
0.0	6.211624078483844	6.211624078483844
-0.0	5.7604627652955775	5.760462765295577
0.0	5.557714300963526	5.557714300963526
0.0	6.27387961817878	6.273879618178781
0.0	6.012978605167005	6.012978605167006
0.0	5.702182777663964	5.702182777663964
-0.0	5.669658999525004	5.669658999525003
0.0	5.39505276513164	5.39505276513164
0.0	5.997232313954754	5.997232313954754
-0.0	5.562808895091182	5.562808895091181
-0.0	5.523432746202392	5.523432746202391
-0.0	6.266183655211055	6.266183655211054
0.0	5.994980978518174	5.994980978518175
0.0	5.371359254903053	5.371359254903053
0.0	5.860527812575588	5.860527812575588
0.0	5.399824452236221	5.399824452236221
0.0	6.329007160854401	6.329007160854401
0.0	5.943160810588891	5.943160810588891
-0.0	6.124806120326054	6.1248061203260535
0.0	5.804987518315695	5.804987518315695
0.0	6.018998093413309	6.018998093413309
0.0	5.834648979834266	5.834648979834266
0.0	5.471468081041785	5.4714680810417855
0.0	5.459411749327783	5.459411749327784
0.0	5.42839631355881	5.428396313558811
0.0	5.7380693554799596	5.73806935547996
0.0	6.093300407103923	6.093300407103923
0.0	5.6562919972913726	5.656291997291374
-0.0	5.471617190480944	5.471617190480943
0.0	6.084213241507795	6.084213241507796
0.0	5.243539914038347	5.243539914038347
0.0	5.741338036719429	5.741338036719429
0.0	5.647766190651327	5.647766190651327
0.0	5.12828027996821	5.128280279968211
0.0	5.632014497904476	5.632014497904476
0.0	5.669003773659047	5.669003773659048
0.0	5.833991481615084	5.833991481615084
0.0	5.339637853164547	5.339637853164548
0.0	5.7042192964727745	5.7042192964727745
0.0	5.613908636403293	5.613908636403294
0.0	5.4034818725626526	5.403481872562653
0.0	5.217325070964009	5.217325070964009
-0.0	5.341014035163894	5.341014035163893
-0.0	5.359795384808578	5.359795384808577
0.0	5.463558345546303	5.4635583455463035
0.0	6.005761505835347	6.005761505835347
0.0	5.784886155599322	5.784886155599323
0.0	5.770557576656662	5.770557576656663
0.0	5.239230769717539	5.239230769717539
0.0	5.672453065484302	5.672453065484302
0.0	5.749943741143401	5.749943741143401
-0.0	5.8659464556695164	5.865946455669516
-0.0	5.639957229756906	5.639957229756905
0.0	5.876819485336428	5.876819485336428
0.0	5.481690997967111	5.481690997967111
0.0	6.218552460173208	6.218552460173208
0.0	5.734571390028625	5.734571390028625
0.0	5.566901293467875	5.566901293467875
-0.0	5.5933986212195475	5.593398621219546
0.0	5.871563977229743	5.871563977229743
0.0	5.671714709928577	5.671714709928577
-0.0	5.769149710301454	5.769149710301453
0.0	5.702476366126176	5.702476366126176
-0.0	6.124030154830216	6.124030154830215
0.0	5.825224153164939	5.82522415316494
0.0	5.992288952304241	5.992288952304241
0.0	5.7255476403093795	5.7255476403093795
0.0	5.584873741103307	5.584873741103308
0.0	5.926447462281297	5.926447462281298
-0.0	5.989028162629989	5.989028162629988
0.0	5.624857862060858	5.624857862060859
0.0	5.29222544653824	5.29222544653824
-0.0	5.730875617177704	5.730875617177703
0.0	5.578588367871661	5.578588367871662
0.0	5.344588510249167	5.344588510249168
0.0	5.821557823794005	5.821557823794007
0.0	6.09248256975855	6.092482569758551
0.0	5.57100272101969	5.571002721019691
0.0	5.411494533032333	5.411494533032333
0.0	6.081491446272576	6.081491446272576
-0.0	5.461585258942376	5.4615852589423755
0.0	5.7393026232061795	5.7393026232061795
-0.0	5.738133225955783	5.7381332259557825
0.0	5.71761805166652	5.71761805166652
-0.0	5.74277378108777	5.742773781087769
-0.0	5.824247522000534	5.824247522000533
-0.0	5.561476511704882	5.56147651170488
0.0	5.538659872381037	5.538659872381038
0.0	5.599691817253025	5.599691817253025
0.0	5.967914935436297	5.967914935436297
0.0	5.6488488418313265	5.6488488418313265
-0.0	5.653086622704589	5.653086622704588
-0.0	5.867654726729287	5.8676547267292865
-0.0	5.636612563777699	5.636612563777698
0.0	5.946975640493785	5.946975640493786
0.0	5.537169237316398	5.537169237316399
0.0	5.55236728335503	5.55236728335503
0.0	5.655008096366416	5.655008096366416
0.0	5.808073053933699	5.808073053933699
-0.0	5.715020381503203	5.715020381503202
-0.0	5.563124717218255	5.563124717218254
0.0	5.579263569170939	5.579263569170939
-0.0	5.568274695946916	5.568274695946915
0.0	5.987814566005657	5.987814566005657
0.0	5.603864958310211	5.603864958310211
0.0	5.65120718040196	5.65120718040196
0.0	5.5231916636066165	5.523191663606617
0.0	6.064784067876951	6.064784067876952
0.0	5.947655483458091	5.9476554834580915
0.0	5.862902884890506	5.862902884890508
0.0	5.347856692442842	5.347856692442842
0.0	5.606606831782299	5.606606831782299
0.0	5.357360993061748	5.357360993061748
0.0	5.735942096254331	5.735942096254331
0.0	5.2762824142806135	5.2762824142806135
0.0	5.798768668988937	5.798768668988937
-0.0	6.011658630626144	6.011658630626143
0.0	5.935040870856892	5.935040870856892
0.0	5.775983965440233	5.775983965440233
0.0	5.457501112327044	5.457501112327044
0.0	5.553155722615214	5.553155722615215
0.0	5.8389006290011185	5.8389006290011185
0.0	5.87832297634376	5.87832297634376
0.0	5.776689767071763	5.776689767071763
0.0	5.701395454265275	5.701395454265275
0.0	5.559446807920517	5.559446807920518
0.0	5.497924303103715	5.497924303103715
0.0	5.861756445416635	5.861756445416635
-0.0	5.305772658891388	5.305772658891387
0.0	5.776453160922551	5.776453160922551
0.0	5.790393096656802	5.7903930966568025
0.0	6.019378102331229	6.019378102331229
0.0	6.007515061082905	6.007515061082906
0.0	5.601714104202097	5.601714104202098
0.0	5.460587285946892	5.460587285946892
0.0	5.985264688076652	5.985264688076652
0.0	5.55473041269798	5.554730412697981
0.0	6.159415781849032	6.159415781849032
-0.0	5.5761915142605165	5.576191514260515
0.0	5.937302610140439	5.937302610140439
0.0	5.661327227047012	5.661327227047013
-0.0	5.664229248438548	5.664229248438547
0.0	5.893359634913583	5.893359634913583
0.0	5.978939913212386	5.978939913212387
-0.0	5.552236250933115	5.552236250933113
0.0	5.767848824554021	5.767848824554022
0.0	5.602989114434299	5.602989114434299
0.0	5.96215330691359	5.96215330691359
-0.0	5.5241162468297045	5.524116246829704
-0.0	5.654733230757008	5.6547332307570075
0.0	5.901398979859131	5.901398979859131
0.0	5.413627458704658	5.413627458704658
0.0	5.320229750109462	5.320229750109462
0.0	5.670998266733042	5.670998266733044
-0.0	5.77592233475403	5.775922334754029
-0.0	5.541662873430128	5.541662873430127
0.0	5.581675394551803	5.581675394551803
-0.0	6.224676566118715	6.224676566118714
0.0	5.091853438518538	5.091853438518538
-0.0	5.495551398595718	5.495551398595717
0.0	6.188851190272475	6.188851190272475
0.0	5.918541542224661	5.918541542224661
-0.0	5.759513392620406	5.759513392620404
0.0	5.524823548734378	5.524823548734378
-0.0	5.411123474377753	5.411123474377752
-0.0	5.714627963633564	5.714627963633563
-0.0	5.363092488714477	5.363092488714476
0.0	5.511229931022658	5.511229931022658
-0.0	5.684212854408614	5.684212854408613
0.0	5.740048806484848	5.7400488064848485
0.0	5.8008428212146	5.8008428212146
0.0	5.577448648709158	5.577448648709158
-0.0	5.178977957148948	5.178977957148947
-0.0	5.53727679210826	5.537276792108259
0.0	5.767887953895358	5.767887953895359
0.0	5.425310014844879	5.42531001484488
-0.0	5.5883567031462	5.588356703146199
-0.0	5.817018582692507	5.817018582692506
0.0	5.97018192774618	5.97018192774618
-0.0	5.756008026557244	5.756008026557243
0.0	5.599518718567555	5.599518718567555
0.0	6.089826514564884	6.089826514564885
0.0	5.404574845722341	5.404574845722341
-0.0	6.231164083244138	6.2311640832441375
0.0	5.70227839084947	5.70227839084947
0.0	5.939801155775892	5.939801155775894
-0.0	5.817304049035654	5.817304049035653
0.0	6.148955800300452	6.148955800300452
0.0	5.616022941121221	5.616022941121222
0.0	5.545560732329587	5.545560732329587
-0.0	5.769664065885008	5.7696640658850065
0.0	5.600032014557229	5.600032014557229
0.0	5.6631040925545655	5.663104092554566
-0.0	5.666434045924445	5.666434045924444
0.0	5.242681327708651	5.242681327708651
0.0	5.903270358487889	5.903270358487889
0.0	5.67845089415677	5.67845089415677
0.0	5.574051042406496	5.574051042406496
0.0	5.5000305397904405	5.5000305397904405
0.0	5.720552696851275	5.720552696851275
-0.0	5.755764399293074	5.755764399293073
0.0	6.146698636969041	6.146698636969042
-0.0	5.649284780575535	5.649284780575534
0.0	5.379188418628235	5.379188418628235
-0.0	5.734945925682405	5.734945925682404
0.0	5.7626222620055625	5.762622262005563
0.0	5.886071321087032	5.886071321087032
0.0	6.102930114705263	6.102930114705263
0.0	5.6035737727358	5.6035737727358
-0.0	5.729558947224566	5.729558947224565
0.0	6.049476103496743	6.049476103496743
0.0	5.431730506959081	5.431730506959081
0.0	5.835562005362661	5.835562005362661
0.0	5.718396856610149	5.718396856610149
0.0	6.056400123582564	6.056400123582565
0.0	5.785860615025575	5.785860615025575
0.0	5.654938340885559	5.654938340885559
0.0	5.673182687033197	5.673182687033197
-0.0	6.036080079961289	6.036080079961288
0.0	5.93867004471003	5.93867004471003
0.0	5.6140353006955594	5.61403530069556
0.0	5.962374370393583	5.962374370393583
0.0	5.596807378446211	5.596807378446211
-0.0	6.02448324090134	6.024483240901339
0.0	5.747062853766069	5.74706285376607
0.0	5.635134198748501	5.635134198748502
-0.0	5.867139430691067	5.867139430691066
-0.0	5.826544749948384	5.826544749948383
0.0	5.7434126622957296	5.7434126622957296
0.0	5.667983189020514	5.667983189020514
0.0	5.677507784089939	5.67750778408994
0.0	5.550049883185443	5.550049883185443
0.0	6.338184090656539	6.338184090656539
0.0	5.521812646411291	5.521812646411291
0.0	5.420681695211274	5.420681695211274
0.0	5.831914126411624	5.831914126411624
-0.0	5.5052658617787165	5.505265861778716
-0.0	5.925693371431113	5.925693371431112
-0.0	5.624366073203693	5.624366073203692
0.0	5.723324700238351	5.723324700238352
0.0	5.8334723197523095	5.8334723197523095
0.0	5.707806625153857	5.707806625153858
0.0	5.094957425366974	5.094957425366974
0.0	5.892013591246399	5.892013591246399
0.0	5.6854079402051365	5.6854079402051365
0.0	5.795092556413835	5.795092556413837
0.0	5.813570486160794	5.8135704861607955
-0.0	5.7090633384572085	5.709063338457208
-0.0	5.600979757073249	5.600979757073248
-0.0	5.56438455340406	5.564384553404059
0.0	5.518117630263002	5.518117630263003
0.0	5.370273665199787	5.370273665199788
0.0	5.845315541464799	5.8453155414647995
0.0	6.1851085316627	6.1851085316627
0.0	5.7719687661612165	5.771968766161218
0.0	5.257175922813916	5.257175922813917
-0.0	5.8927069861822465	5.892706986182246
0.0	5.759545717309205	5.759545717309205
0.0	5.4598896846705385	5.459889684670539
0.0	5.504207864060804	5.504207864060804
0.0	5.530476865149735	5.530476865149737
-0.0	5.635841533376055	5.6358415333760545
0.0	5.956349085902215	5.9563490859022155
0.0	5.643233061882492	5.643233061882492
-0.0	6.078851371270288	6.078851371270287
-0.0	6.070213574236206	6.070213574236205
0.0	5.609710485908629	5.609710485908629
-0.0	5.821852282436369	5.821852282436368
0.0	5.438100190727167	5.438100190727167
0.0	5.533093073791141	5.533093073791141
0.0	5.443669773183506	5.443669773183506
0.0	5.646894077579886	5.646894077579887
0.0	5.659454740261856	5.659454740261856
0.0	5.476839875211157	5.476839875211158
0.0	5.763800788581403	5.7638007885814035
-0.0	5.588410911436339	5.5884109114363385
-0.0	5.789249394120793	5.789249394120792
0.0	5.541457241589333	5.541457241589333
-0.0	5.856694440721334	5.856694440721333
-0.0	6.1193492558658775	6.119349255865877
0.0	5.646878350035886	5.646878350035886
0.0	5.754517792694099	5.754517792694099
-0.0	5.929303991796917	5.929303991796916
0.0	6.179642782323765	6.179642782323765
-0.0	5.396819732462131	5.39681973246213
-0.0	5.683474351468691	5.68347435146869
0.0	5.303272224495702	5.303272224495702
0.0	5.351705794770319	5.35170579477032
0.0	5.702438855505414	5.702438855505415
0.0	5.395337949790044	5.395337949790045
0.0	5.855682541895632	5.855682541895632
-0.0	5.670560238660585	5.670560238660584
0.0	5.7343893963925545	5.7343893963925545
0.0	5.504631816473768	5.504631816473768
0.0	5.651823800744895	5.651823800744895
0.0	5.859540803643979	5.85954080364398
0.0	5.630112253293515	5.630112253293515
0.0	5.592378810067005	5.592378810067005
0.0	5.980121982668225	5.980121982668225
0.0	4.923532004860961	4.923532004860961
-0.0	6.002452456174615	6.002452456174614
0.0	5.638561331748418	5.638561331748418
0.0	5.96751724896269	5.96751724896269
-0.0	5.875609988099219	5.875609988099218
0.0	5.7895641007032435	5.7895641007032435
-0.0	5.432821225291864	5.432821225291863
0.0	5.799621879953513	5.799621879953513
0.0	5.752633835308988	5.752633835308988
0.0	6.028555763281048	6.028555763281049
0.0	5.953574991605235	5.953574991605235
-0.0	5.832285490151132	5.832285490151131
-0.0	5.803748590303794	5.803748590303793
0.0	5.613291991359738	5.6132919913597386
0.0	6.1253363590569005	6.125336359056901
0.0	5.849027319576483	5.849027319576483
-0.0	5.774362776565074	5.774362776565073
0.0	6.011359647052509	6.01135964705251
-0.0	5.692877211115823	5.692877211115822
0.0	6.209757739622333	6.209757739622333
0.0	5.459985698362454	5.459985698362454
0.0	5.4421613028241	5.4421613028241005
0.0	5.606594146312268	5.606594146312268
0.0	5.511270313312847	5.511270313312848
-0.0	5.976733065359688	5.976733065359687
0.0	5.7723590607569655	5.7723590607569655
0.0	4.855627654774957	4.855627654774958
0.0	5.038446571367185	5.038446571367185
0.0	5.738942287987682	5.738942287987682
0.0	5.17914627213817	5.17914627213817
-0.0	5.865647516237085	5.865647516237084
0.0	5.612056122692774	5.612056122692774
0.0	5.738422271634779	5.738422271634779
0.0	6.032982280441457	6.032982280441457
0.0	6.045870472013553	6.045870472013553
0.0	5.811005647985269	5.811005647985269
0.0	5.358693316300332	5.358693316300332
0.0	5.846955478251383	5.846955478251383
-0.0	6.156130851553016	6.156130851553015
0.0	5.510726354450027	5.510726354450027
0.0	6.049223131213749	6.049223131213749
0.0	5.71597112741288	5.71597112741288
-0.0	5.7264676383590025	5.726467638359002
0.0	5.287173686221298	5.287173686221299
0.0	5.570832820210709	5.57083282021071
0.0	5.872239301704351	5.872239301704352
0.0	6.047933136914406	6.0479331369144065
-0.0	5.647767914967826	5.647767914967825
0.0	5.57323867885698	5.573238678856981
0.0	5.666731876205585	5.666731876205585
0.0	5.629826195389827	5.629826195389827
0.0	5.41825607410647	5.41825607410647
-0.0	5.5519046602243725	5.551904660224372
-0.0	5.305958319734918	5.305958319734917
0.0	5.660886624113914	5.660886624113914
0.0	5.796295903084031	5.796295903084032
0.0	6.002064629277053	6.002064629277053
0.0	5.91732002390186	5.917320023901861
0.0	6.4192192261738725	6.419219226173873
0.0	5.733541398139646	5.733541398139647
-0.0	5.622873537423157	5.622873537423156
-0.0	5.832523207518545	5.832523207518544
0.0	5.327871498392617	5.327871498392618
0.0	5.635948324852368	5.635948324852368
-0.0	5.66484562038086	5.664845620380859
-0.0	5.424640015620962	5.4246400156209615
0.0	5.785350809548673	5.785350809548673
0.0	5.5562425769698605	5.5562425769698605
0.0	5.581633358199616	5.581633358199616
0.0	5.605695007902415	5.6056950079024155
-0.0	5.141138660862363	5.141138660862362
-0.0	5.72780957469568	5.727809574695679
0.0	5.430907228900038	5.430907228900038
-0.0	5.5674456855592345	5.567445685559233
0.0	5.75203799940726	5.752037999407261
0.0	5.617180289536131	5.617180289536131
0.0	5.619383099196241	5.619383099196241
0.0	5.984753098604857	5.984753098604857
0.0	5.617234963512087	5.617234963512087
-0.0	5.532885981156335	5.532885981156334
0.0	5.786828565071277	5.786828565071278
-0.0	6.076618975184665	6.076618975184664
0.0	6.120705115747988	6.120705115747988
0.0	5.298607195406684	5.298607195406685
0.0	5.684815144185211	5.684815144185211
-0.0	5.453106179421162	5.4531061794211615
0.0	5.497376381616987	5.497376381616987
-0.0	5.604040681563445	5.604040681563444
-0.0	5.720476737056758	5.7204767370567575
0.0	5.0306286600904	5.0306286600904
0.0	5.688596914910283	5.688596914910284
0.0	5.786017515211734	5.786017515211734
0.0	5.48491103567897	5.48491103567897
0.0	5.541153609785319	5.541153609785319
-0.0	5.7194158668784985	5.719415866878498
0.0	5.718899973763755	5.718899973763756
0.0	5.8396885411784325	5.839688541178434
-0.0	5.243124570396641	5.24312457039664
0.0	5.515603378762144	5.515603378762145
0.0	5.890053887197659	5.890053887197659
0.0	5.581770243587725	5.581770243587725
0.0	5.379158843851998	5.379158843851998
0.0	5.31268344714465	5.31268344714465
0.0	5.7751226851426685	5.7751226851426685
0.0	5.9439102881978885	5.9439102881978885
0.0	5.413288139561137	5.413288139561137
0.0	5.670080799803435	5.670080799803435
0.0	5.796067284017216	5.796067284017217
-0.0	5.306818503632232	5.306818503632231
-0.0	5.8307040051648995	5.830704005164899
0.0	6.032088412401151	6.032088412401151
0.0	5.6664879682060505	5.666487968206051
0.0	5.640504730325096	5.640504730325096
0.0	5.5389877824487215	5.5389877824487215
0.0	5.747246456472064	5.747246456472065
0.0	5.837854967229848	5.837854967229848
0.0	5.50440092002	5.504400920020001
0.0	6.006644165589224	6.006644165589225
0.0	5.805178861829185	5.805178861829185
0.0	5.511258654624767	5.511258654624767
0.0	5.5934364661297575	5.5934364661297575
0.0	5.845485214297721	5.845485214297721
0.0	5.931263788190594	5.931263788190594
0.0	5.297568661662529	5.297568661662529
-0.0	5.421260634891327	5.421260634891326
-0.0	5.607697844373561	5.60769784437356
-0.0	5.07619060612299	5.076190606122989
0.0	5.737685571767562	5.737685571767562
0.0	5.667914520920393	5.667914520920394
0.0	5.69261219324461	5.69261219324461
0.0	5.881786292990299	5.881786292990299
-0.0	5.936749985309846	5.936749985309845
0.0	6.010676273008912	6.010676273008912
0.0	5.695770201359102	5.695770201359102
0.0	5.599356735365662	5.599356735365662
0.0	6.029811788224457	6.029811788224457
0.0	5.517503719524595	5.517503719524595
0.0	6.117618007857207	6.1176180078572076
0.0	5.948848439313346	5.948848439313346
-0.0	5.787377271760329	5.787377271760328
0.0	5.641444718901421	5.641444718901422
-0.0	6.047182759335156	6.047182759335155
0.0	5.97984095144114	5.979840951441141
-0.0	5.878728350115501	5.8787283501155
0.0	5.691416389800329	5.691416389800329
-0.0	6.032084742897178	6.032084742897177
0.0	4.980452749189541	4.980452749189542
0.0	5.811389653472547	5.811389653472548
0.0	5.592138683985087	5.592138683985087
0.0	6.051332912232485	6.0513329122324855
0.0	5.044050777269046	5.044050777269046
-0.0	5.7317222545925315	5.731722254592531
-0.0	5.558325599663046	5.558325599663045
-0.0	5.302998883638171	5.30299888363817
0.0	5.829273741446881	5.829273741446881
0.0	5.108813976702713	5.108813976702713
0.0	5.725567104097519	5.725567104097519
0.0	5.757517506782694	5.757517506782694
0.0	5.586461117933681	5.586461117933681
0.0	5.586060111604025	5.586060111604025
0.0	6.069406041204685	6.069406041204685
-0.0	5.609710648331365	5.609710648331364
0.0	6.144950924893885	6.144950924893885
-0.0	5.45959764748468	5.459597647484679
0.0	6.001214364152263	6.001214364152263
-0.0	5.764309356220061	5.7643093562200605
-0.0	5.808850657032632	5.8088506570326315
0.0	5.452999703636529	5.45299970363653
0.0	5.692416507599512	5.692416507599512
0.0	5.938234347429	5.938234347429
0.0	5.680449012949717	5.680449012949718
0.0	5.88015437126051	5.88015437126051
-0.0	5.841490139802873	5.841490139802872
0.0	5.824060727522825	5.824060727522826
-0.0	5.646582728727919	5.646582728727918
-0.0	5.43975812878949	5.439758128789488
0.0	5.634275185820165	5.634275185820165
0.0	5.906325406722303	5.906325406722303
0.0	5.828436625678509	5.82843662567851
0.0	5.67430129560198	5.67430129560198
0.0	5.381509127732944	5.381509127732944
0.0	5.535881541275661	5.535881541275662
0.0	5.461004120294796	5.461004120294796
0.0	5.768712781968336	5.768712781968336
0.0	5.62429909832977	5.62429909832977
0.0	5.241778669112309	5.241778669112309
0.0	6.318757097875521	6.318757097875521
0.0	5.770844477210154	5.770844477210154
0.0	5.610444023385603	5.610444023385603
-0.0	5.559479368253254	5.559479368253253
0.0	5.732771830856349	5.732771830856349
-0.0	5.616862160081557	5.616862160081556
0.0	5.850250238620314	5.850250238620314
0.0	6.1098680983603035	6.1098680983603035
-0.0	6.032897193383191	6.0328971933831905
0.0	5.518001545775887	5.518001545775887
0.0	5.472796776699576	5.472796776699576
0.0	5.578218404446443	5.578218404446443
-0.0	5.695270837249101	5.6952708372491
0.0	5.93256526960762	5.932565269607621
-0.0	6.003230534412156	6.003230534412155
0.0	5.741293081725514	5.741293081725515
0.0	6.093719961099317	6.093719961099317
0.0	5.248110540070262	5.248110540070262
0.0	5.57954045326218	5.579540453262181
0.0	5.669655587460809	5.66965558746081
-0.0	6.092585600803384	6.092585600803383
-0.0	5.993577825665965	5.993577825665964
-0.0	5.800346490345374	5.800346490345373
0.0	5.758406270084719	5.758406270084719
-0.0	5.627685703307316	5.627685703307315
0.0	5.257599272004633	5.257599272004633
0.0	5.785601328969794	5.785601328969795
0.0	5.45556233965978	5.45556233965978
-0.0	5.693262429102462	5.693262429102461
-0.0	5.636999626800319	5.636999626800318
-0.0	5.740989008915701	5.7409890089157
0.0	5.568290459439388	5.568290459439388
0.0	5.681153809975958	5.681153809975958
0.0	5.827054810473785	5.827054810473786
0.0	5.327899694359283	5.327899694359283
0.0	5.318843505493479	5.318843505493479
-0.0	5.560847405826384	5.560847405826383
-0.0	5.130006195840398	5.130006195840397
0.0	5.501690002532186	5.501690002532186
0.0	5.718693069154119	5.71869306915412
0.0	5.779358534120333	5.779358534120334
0.0	5.876253234539232	5.876253234539232
0.0	5.963949170040465	5.963949170040465
0.0	5.643830813697152	5.643830813697152
0.0	5.754125876208118	5.754125876208119
0.0	5.623886703826573	5.623886703826573
0.0	5.390342236930401	5.390342236930402
-0.0	6.078245682191536	6.078245682191535
0.0	5.674847997899647	5.674847997899648
0.0	5.659009561485491	5.659009561485492
0.0	5.922493148025801	5.922493148025801
0.0	5.854893055186768	5.854893055186768
0.0	6.020854171415369	6.02085417141537
0.0	5.400679207110258	5.400679207110258
0.0	5.465372997218516	5.465372997218517
0.0	5.852891018745371	5.852891018745372
0.0	5.580377045269885	5.580377045269885
0.0	5.542643044843623	5.542643044843624
0.0	5.7858932605027995	5.7858932605027995
0.0	6.170537571039265	6.170537571039265
0.0	5.897526425964764	5.897526425964765
0.0	5.79598571954756	5.795985719547561
-0.0	5.811296029994147	5.811296029994146
0.0	5.289581931955895	5.289581931955896
0.0	5.981679152938188	5.981679152938188
0.0	6.138327308675578	6.138327308675578
0.0	5.671291056585859	5.67129105658586
-0.0	5.828814848422093	5.828814848422092
0.0	5.763153526024768	5.763153526024769
0.0	5.503886060218781	5.503886060218781
0.0	5.7152228326524455	5.715222832652446
0.0	5.545812870521339	5.54581287052134
0.0	6.1101755218081415	6.110175521808142
0.0	6.082227686126971	6.082227686126971
-0.0	5.622840163051911	5.622840163051909
0.0	5.58628088409835	5.58628088409835
0.0	5.746132080606478	5.746132080606479
0.0	5.595118613093081	5.5951186130930814
0.0	5.750436421356122	5.750436421356122
0.0	5.80483371396633	5.80483371396633
0.0	5.693318602692622	5.693318602692622
0.0	5.586513503536824	5.586513503536824
0.0	5.729165350753188	5.729165350753188
-0.0	5.305341428164606	5.305341428164605
0.0	5.800029943387543	5.800029943387543
-0.0	5.295715484686327	5.295715484686326
0.0	5.89251533037443	5.89251533037443
0.0	5.374309055955692	5.374309055955693
-0.0	5.689131225758588	5.6891312257585875
0.0	5.135383140441756	5.135383140441756
