Average gap is: 0.00000 timecost:  48.469; Average global distance: 3.82291, local distance: 3.82291
-0.0	3.9339722184973542	3.933972218497354
0.0	3.9319283640058793	3.9319283640058793
0.0	3.8471411060485234	3.8471411060485234
0.0	3.3662033913760756	3.3662033913760765
-0.0	3.5125833523679644	3.512583352367964
0.0	3.905738898511034	3.9057388985110344
-0.0	4.035669698355248	4.035669698355247
0.0	3.884797684640512	3.8847976846405126
0.0	4.273011044581056	4.273011044581056
-0.0	4.111817216986306	4.111817216986305
0.0	3.7908153296002394	3.79081532960024
0.0	3.4050907849301386	3.4050907849301386
-0.0	3.934469295274217	3.9344692952742166
0.0	3.8350660485128034	3.835066048512804
-0.0	4.004692621691268	4.004692621691267
0.0	3.3944787488200765	3.3944787488200765
0.0	3.7294461651882065	3.729446165188207
0.0	3.487838388587436	3.4878383885874364
0.0	4.224834708928051	4.224834708928051
-0.0	3.553693155097301	3.5536931550973008
0.0	3.9313567988188094	3.9313567988188094
0.0	4.001903096942988	4.001903096942989
0.0	3.3888605261086147	3.388860526108615
0.0	3.7835897679262507	3.783589767926251
0.0	4.209020165121721	4.209020165121722
0.0	4.407255783491232	4.407255783491232
-0.0	3.9187619342148285	3.918761934214828
0.0	4.106145678084511	4.106145678084511
0.0	4.421860826083804	4.421860826083804
0.0	3.572323153901957	3.572323153901957
0.0	3.8996217539728453	3.8996217539728457
0.0	3.5659736886428846	3.565973688642885
0.0	3.958635683393271	3.9586356833932714
0.0	4.234591564760757	4.234591564760757
0.0	4.154411173351363	4.154411173351364
0.0	3.7606285826876027	3.7606285826876027
0.0	4.061650576328544	4.061650576328544
0.0	3.5718671034647302	3.5718671034647302
0.0	3.5787168045157376	3.5787168045157376
0.0	3.931655095866074	3.931655095866074
-0.0	4.353577282611299	4.353577282611298
0.0	4.088046590454918	4.088046590454918
-0.0	3.745036708523733	3.7450367085237324
0.0	3.307323331547833	3.307323331547833
0.0	3.9554537115259425	3.9554537115259425
0.0	4.052353041646765	4.052353041646765
0.0	3.843432758695604	3.8434327586956045
-0.0	4.1520747711273795	4.152074771127379
0.0	3.6806547484657295	3.6806547484657295
-0.0	3.9681627600788363	3.968162760078836
0.0	3.840522278693062	3.840522278693062
0.0	3.96511079490634	3.96511079490634
0.0	4.191929993027382	4.191929993027382
-0.0	3.9144601835749366	3.9144601835749357
0.0	3.5155380831129452	3.5155380831129457
0.0	3.8893759067883513	3.8893759067883513
0.0	3.57381586612141	3.5738158661214103
0.0	3.6700734022190904	3.6700734022190904
0.0	4.109214423884239	4.109214423884239
0.0	4.086229257252761	4.086229257252761
0.0	3.083362176533212	3.083362176533212
0.0	3.86248737980532	3.86248737980532
0.0	3.8578704435156945	3.857870443515695
0.0	3.6767194975807813	3.6767194975807813
0.0	3.555578882938206	3.555578882938206
0.0	4.11198874616197	4.11198874616197
-0.0	3.9166823052808644	3.9166823052808635
0.0	3.867846989344562	3.867846989344562
0.0	3.922458584095274	3.922458584095274
-0.0	4.29161174564878	4.291611745648778
0.0	3.8139677085647063	3.8139677085647063
-0.0	3.681109339322891	3.6811093393228904
0.0	3.954483251451946	3.954483251451947
0.0	3.639536885755638	3.639536885755638
0.0	4.259682313393416	4.259682313393416
0.0	4.15308453264521	4.15308453264521
0.0	4.197106047539542	4.197106047539542
0.0	3.8244044028217807	3.8244044028217807
0.0	3.2797831334789396	3.2797831334789396
0.0	3.530936546601297	3.530936546601297
0.0	3.7620595010648223	3.7620595010648223
0.0	3.591945243655241	3.591945243655241
0.0	3.9254853887922074	3.925485388792208
0.0	3.707428912370008	3.707428912370008
-0.0	3.724592591764627	3.7245925917646265
-0.0	4.078573701070003	4.0785737010700025
-0.0	3.961967680153334	3.9619676801533332
0.0	3.5249650251942315	3.524965025194232
0.0	3.8896392481238498	3.8896392481238498
0.0	3.7409320957977394	3.7409320957977394
0.0	4.06698051767966	4.06698051767966
-0.0	4.211489336725597	4.211489336725596
-0.0	3.6884157923032275	3.6884157923032266
0.0	3.7967465461072707	3.796746546107271
0.0	4.588279062795208	4.588279062795208
-0.0	3.9608659251919676	3.960865925191967
-0.0	3.980471814681348	3.980471814681347
0.0	4.034452049533581	4.034452049533582
0.0	3.710550039035354	3.710550039035354
-0.0	3.4738388781854868	3.4738388781854863
0.0	4.149720749438174	4.149720749438174
0.0	4.1783801198826485	4.1783801198826485
0.0	4.088716495102036	4.0887164951020365
-0.0	3.7281362012704187	3.7281362012704182
0.0	3.7052472218236066	3.7052472218236066
-0.0	3.6588526867968243	3.658852686796824
0.0	4.2587303991329	4.2587303991329
0.0	3.8986872430170396	3.8986872430170396
0.0	4.259422735478114	4.259422735478115
0.0	3.869682722792322	3.869682722792322
0.0	3.1788624279500857	3.178862427950086
0.0	4.109045756001726	4.109045756001726
-0.0	3.846766063316071	3.8467660633160707
0.0	3.177848160891802	3.177848160891802
0.0	3.668370387651036	3.668370387651036
0.0	3.8418410749842913	3.8418410749842917
0.0	3.1653135019312106	3.1653135019312106
0.0	3.374712450564801	3.3747124505648016
0.0	3.821601234874489	3.8216012348744894
-0.0	3.1664587775209383	3.166458777520938
0.0	3.889545449461534	3.889545449461534
0.0	4.170682311101828	4.170682311101828
0.0	3.32560932859167	3.3256093285916704
0.0	3.7633389477304453	3.7633389477304453
0.0	3.770895778534423	3.7708957785344244
0.0	3.692349163327728	3.6923491633277283
0.0	3.5944152057192604	3.5944152057192613
-0.0	4.050299400575518	4.0502994005755175
0.0	4.261848821939121	4.261848821939122
0.0	4.370304495845945	4.370304495845945
0.0	3.689811894774633	3.689811894774633
-0.0	3.6676088999085765	3.6676088999085756
0.0	3.995033359231253	3.9950333592312535
-0.0	4.1559018530186	4.155901853018599
0.0	3.925220984299926	3.925220984299926
-0.0	3.518631137646583	3.5186311376465826
-0.0	3.5988078269955324	3.598807826995532
-0.0	4.020298848505522	4.020298848505521
0.0	3.7545487379940465	3.7545487379940465
-0.0	3.7081731512515708	3.7081731512515703
0.0	4.146519691516376	4.146519691516376
0.0	3.9090891982447404	3.909089198244741
0.0	3.8451552501195776	3.8451552501195776
0.0	4.36660944227155	4.36660944227155
-0.0	3.9440052362884614	3.944005236288461
0.0	3.765163788852891	3.765163788852891
0.0	3.755037318972752	3.7550373189727524
0.0	3.8580306765650696	3.8580306765650696
0.0	4.1903155130948235	4.1903155130948235
0.0	3.5877270609412792	3.5877270609412792
0.0	3.9926501787339683	3.9926501787339688
0.0	3.400188987700127	3.400188987700127
0.0	2.996189349618206	2.996189349618206
0.0	3.9660201280525893	3.9660201280525893
0.0	3.7158198973510017	3.715819897351002
0.0	3.825019737277985	3.825019737277985
0.0	4.010742944025267	4.010742944025267
-0.0	3.672471376822341	3.6724713768223403
-0.0	4.324067748669391	4.32406774866939
0.0	3.640090546770213	3.640090546770213
-0.0	3.9604653807072965	3.960465380707296
-0.0	3.3725681231086657	3.372568123108665
-0.0	4.080448783091013	4.080448783091012
-0.0	4.152187852841742	4.15218785284174
0.0	3.8938028704412746	3.8938028704412746
0.0	4.076023747837585	4.076023747837586
0.0	3.325461170896633	3.3254611708966335
0.0	3.941085924540721	3.941085924540721
0.0	4.4297234462054496	4.42972344620545
0.0	3.8569633951917144	3.8569633951917144
0.0	3.018513154823804	3.018513154823804
-0.0	3.436147643121562	3.4361476431215614
0.0	3.7160204056256427	3.7160204056256427
-0.0	3.6086150164297166	3.6086150164297157
-0.0	3.674627289627313	3.6746272896273124
0.0	3.834577219069935	3.834577219069935
-0.0	3.649593046793402	3.6495930467934015
-0.0	3.591801089823103	3.591801089823102
0.0	3.809228323033568	3.8092283230335684
-0.0	4.01518027848856	4.015180278488559
-0.0	3.293065134091424	3.2930651340914237
-0.0	3.924467154830279	3.9244671548302787
0.0	3.990055155995436	3.990055155995436
0.0	3.8801607153199313	3.880160715319932
0.0	4.346791851993328	4.346791851993328
0.0	3.3553286975187615	3.3553286975187615
-0.0	3.8889099796129942	3.888909979612994
0.0	4.027382757626227	4.027382757626227
0.0	4.062656193417694	4.062656193417694
0.0	3.5051415793427085	3.5051415793427085
0.0	3.89254576242362	3.8925457624236204
0.0	3.816808192859356	3.8168081928593565
-0.0	3.743166302781662	3.7431663027816615
0.0	3.149042463262684	3.149042463262684
0.0	4.134359248221724	4.134359248221725
-0.0	4.058783663035344	4.058783663035343
0.0	4.361148061778294	4.361148061778294
-0.0	3.9647736866644245	3.964773686664424
0.0	4.086939534197646	4.086939534197646
0.0	4.378041047228364	4.378041047228364
0.0	3.8637702977282613	3.8637702977282613
0.0	3.93598640803338	3.93598640803338
-0.0	4.081068117800166	4.081068117800165
0.0	4.173846518016022	4.173846518016022
0.0	4.103906946062178	4.103906946062178
0.0	3.4651342576644666	3.4651342576644666
0.0	4.456664205437793	4.456664205437794
-0.0	3.6843118520433755	3.684311852043375
-0.0	3.16096802038769	3.1609680203876898
0.0	3.7819698716201193	3.7819698716201193
-0.0	3.5759333006391882	3.575933300639188
-0.0	4.93800818925634	4.938008189256339
0.0	3.760635945710961	3.760635945710961
0.0	4.320015894028045	4.320015894028045
0.0	4.117919391176651	4.117919391176651
-0.0	3.808356532647295	3.8083565326472946
-0.0	3.731047256146611	3.7310472561466104
0.0	4.008047938924538	4.008047938924538
-0.0	3.688852736815824	3.6888527368158237
0.0	4.097901870347981	4.097901870347981
0.0	3.3230070494427726	3.3230070494427726
0.0	3.653633717047004	3.653633717047004
0.0	4.080778966416236	4.080778966416236
-0.0	3.849118104021614	3.8491181040216134
0.0	3.434950129235628	3.434950129235628
-0.0	4.212787885682435	4.212787885682434
0.0	4.177870947461814	4.177870947461814
-0.0	3.9779918607177818	3.9779918607177813
-0.0	3.7290301098617795	3.729030109861779
0.0	4.073297260775259	4.07329726077526
0.0	3.629620676314884	3.629620676314884
0.0	4.0508578450536925	4.0508578450536925
0.0	3.807003844866725	3.807003844866725
0.0	3.726840876723904	3.726840876723904
0.0	4.007991249194316	4.007991249194316
0.0	3.6026800719038974	3.602680071903898
0.0	4.095214485609835	4.095214485609835
-0.0	3.796346197889553	3.7963461978895525
0.0	4.101847324015551	4.101847324015551
0.0	4.494058341033632	4.494058341033632
0.0	4.239014426683043	4.239014426683043
-0.0	4.384940981396823	4.384940981396822
0.0	4.011791545511642	4.011791545511642
0.0	3.8302028972846585	3.830202897284659
-0.0	4.106843814936724	4.106843814936723
-0.0	3.7882726309201264	3.788272630920126
0.0	3.660884634260266	3.660884634260267
0.0	4.082373579424011	4.082373579424011
-0.0	3.2492034835458092	3.2492034835458083
0.0	3.942658067382833	3.9426580673828333
0.0	3.9539659131329166	3.9539659131329166
0.0	4.105197433619094	4.105197433619094
0.0	4.1270534912787635	4.127053491278764
-0.0	3.570959911427342	3.5709599114273414
0.0	3.7390460444291427	3.7390460444291427
0.0	3.3731130425018216	3.3731130425018216
0.0	4.3886250396326965	4.388625039632697
-0.0	4.05005348545054	4.0500534854505394
0.0	3.8667883176250077	3.8667883176250077
0.0	3.0275891424574706	3.0275891424574706
0.0	3.7820487791842914	3.7820487791842914
0.0	3.7853163731923742	3.7853163731923742
0.0	4.067184189335974	4.067184189335975
0.0	3.670331271424616	3.670331271424616
0.0	4.0634403295411055	4.063440329541106
-0.0	3.904091524592966	3.9040915245929657
0.0	4.189788969209745	4.189788969209745
-0.0	3.867756774494007	3.8677567744940062
0.0	3.6653123542725234	3.665312354272524
0.0	3.833325965823808	3.833325965823808
0.0	3.336227298604697	3.3362272986046975
0.0	3.4735403812453365	3.473540381245337
0.0	3.6236729144991555	3.623672914499156
0.0	3.330296455811649	3.3302964558116495
0.0	4.063432314781206	4.063432314781206
-0.0	3.808852598985508	3.8088525989855078
0.0	4.170623597199079	4.170623597199079
0.0	3.1655966031115916	3.1655966031115916
0.0	3.952205090578501	3.9522050905785013
0.0	3.835351091252129	3.8353510912521296
0.0	3.6908413224816448	3.6908413224816448
0.0	3.7429111665337302	3.7429111665337302
0.0	3.87538129279738	3.87538129279738
0.0	4.488211705927374	4.488211705927375
0.0	3.819617201989826	3.8196172019898262
0.0	3.9277109249440003	3.9277109249440003
-0.0	3.747536318008069	3.7475363180080685
0.0	3.7161688491699643	3.7161688491699647
0.0	4.006625847439023	4.006625847439023
0.0	4.162163685990222	4.162163685990222
0.0	3.37862830834163	3.37862830834163
-0.0	3.947083752205317	3.9470837522053164
0.0	3.8852657801985826	3.8852657801985826
-0.0	3.9881182447399044	3.988118244739904
0.0	3.864684034796615	3.864684034796615
0.0	3.60560949597125	3.60560949597125
0.0	3.8936138778230784	3.8936138778230784
-0.0	3.6381179370737153	3.638117937073715
0.0	3.5913871168845155	3.5913871168845155
0.0	3.131425200414369	3.131425200414369
0.0	3.8473967241188562	3.8473967241188562
-0.0	4.272308066776244	4.272308066776243
0.0	3.8028048676679043	3.8028048676679043
0.0	3.8776060643153896	3.8776060643153896
0.0	4.546938724495135	4.546938724495135
0.0	3.634335012696539	3.634335012696539
0.0	3.3126998287567133	3.3126998287567138
0.0	3.966538808790494	3.966538808790495
0.0	4.030178290260361	4.030178290260362
0.0	3.8507964765315914	3.8507964765315914
-0.0	3.8917275017734108	3.8917275017734103
0.0	3.8091024751778875	3.809102475177889
0.0	3.612666336749835	3.6126663367498355
0.0	3.763593021654466	3.763593021654466
-0.0	3.7439224135177445	3.743922413517744
0.0	3.9108881855003514	3.9108881855003514
0.0	3.523002814209461	3.523002814209462
0.0	3.826494640167979	3.82649464016798
0.0	4.131459252466351	4.131459252466351
0.0	3.960787669481749	3.960787669481749
0.0	4.1492018335366865	4.1492018335366865
0.0	3.5506932561098594	3.5506932561098594
0.0	3.387605868913002	3.387605868913003
0.0	3.6228271208391507	3.622827120839151
0.0	4.009687871355144	4.009687871355144
0.0	3.7207024464715235	3.7207024464715235
0.0	3.720915604056585	3.720915604056585
0.0	4.181949788897578	4.181949788897579
0.0	3.8552796164133283	3.8552796164133287
-0.0	4.206597096779487	4.206597096779486
0.0	3.2984003044162247	3.2984003044162247
-0.0	3.762464970506204	3.7624649705062034
0.0	3.8732064926477694	3.8732064926477694
0.0	3.6147822067272077	3.614782206727208
-0.0	3.972941643326715	3.9729416433267146
0.0	3.5851550784730852	3.5851550784730852
0.0	4.059119345599825	4.059119345599825
0.0	3.791248626348578	3.7912486263485783
-0.0	3.4135095007452425	3.413509500745242
-0.0	4.038088657462241	4.03808865746224
0.0	3.4042358751707287	3.4042358751707287
0.0	3.0945870798417134	3.0945870798417134
0.0	4.038673837662804	4.038673837662804
0.0	3.5585355725663756	3.558535572566376
-0.0	3.8305593321917923	3.830559332191792
0.0	4.1096542026944665	4.1096542026944665
0.0	3.949539141485454	3.949539141485454
0.0	3.662075089068796	3.662075089068796
0.0	3.717907303962237	3.717907303962237
-0.0	3.597281421337571	3.5972814213375703
0.0	4.054821198839712	4.054821198839712
-0.0	4.144805306816403	4.144805306816402
-0.0	3.9753137148462185	3.9753137148462176
0.0	4.078164413092558	4.078164413092558
0.0	3.949253604831876	3.9492536048318763
0.0	3.7695212954793536	3.7695212954793536
0.0	3.574603348479888	3.5746033484798883
0.0	3.9559785140952752	3.9559785140952757
0.0	4.2228049366853675	4.2228049366853675
0.0	4.027769064573698	4.027769064573698
0.0	4.227975578369488	4.227975578369488
0.0	3.5854782690319453	3.5854782690319453
0.0	4.003919278545517	4.003919278545518
0.0	3.938008363208217	3.938008363208217
-0.0	4.078435438046776	4.0784354380467756
0.0	4.2236176332446105	4.223617633244611
0.0	3.7625665190863136	3.7625665190863136
0.0	3.8743930356626803	3.8743930356626803
-0.0	3.9551207618523683	3.955120761852368
0.0	3.9382519840855554	3.9382519840855554
0.0	3.7099755174416718	3.7099755174416718
0.0	4.162907494941919	4.162907494941919
0.0	3.993735286155314	3.993735286155314
0.0	3.755629709126884	3.755629709126884
-0.0	3.357016120002122	3.3570161200021214
0.0	4.351716968437507	4.351716968437507
-0.0	3.6538880583896347	3.6538880583896343
0.0	3.4143754512326776	3.4143754512326776
0.0	4.089408377599216	4.089408377599216
-0.0	4.203037820900166	4.203037820900165
0.0	3.4153570757447866	3.4153570757447866
0.0	3.362706176864881	3.362706176864881
0.0	3.7546668474750806	3.7546668474750806
-0.0	3.4630649514150567	3.463064951415056
0.0	3.5373128416546966	3.537312841654697
0.0	3.9958164779849534	3.9958164779849534
0.0	4.127309065032129	4.127309065032129
0.0	3.469295134571706	3.4692951345717065
-0.0	4.364137338091605	4.364137338091604
0.0	3.740227541104395	3.740227541104395
0.0	3.9198691537576273	3.9198691537576273
0.0	3.697250558799226	3.697250558799227
0.0	3.8228055928872138	3.8228055928872138
0.0	3.8313397314843423	3.8313397314843423
0.0	4.1071505088533105	4.1071505088533105
0.0	3.8116241787698892	3.8116241787698892
-0.0	3.3456049901438973	3.345604990143897
0.0	4.046964580681106	4.046964580681106
-0.0	3.6521830577321	3.652183057732099
0.0	3.763148997929084	3.763148997929084
0.0	3.5679133936421192	3.5679133936421192
0.0	4.109905776682636	4.109905776682637
0.0	4.202891944806195	4.202891944806195
0.0	3.0842793656500223	3.0842793656500227
0.0	3.7446850252261976	3.7446850252261976
-0.0	3.709451574324042	3.7094515743240417
0.0	3.4663523509096956	3.4663523509096956
0.0	4.570776590254955	4.570776590254955
0.0	4.025890592450019	4.025890592450019
0.0	3.7838643430472145	3.7838643430472145
0.0	3.735173294984288	3.7351732949842886
-0.0	3.9073403799897646	3.907340379989764
-0.0	3.8261180683908815	3.826118068390881
0.0	3.7493212861307637	3.7493212861307645
-0.0	3.9491694683222835	3.949169468322283
0.0	3.7341732444738387	3.7341732444738387
0.0	3.92884335393547	3.92884335393547
0.0	3.8001256856598022	3.8001256856598036
-0.0	4.068451411865885	4.068451411865884
0.0	3.5830179375079707	3.5830179375079707
0.0	3.782568500048277	3.7825685000482774
0.0	3.95734483136184	3.95734483136184
0.0	3.6298746416244354	3.6298746416244354
0.0	3.202675073993001	3.202675073993001
0.0	4.193850447375311	4.193850447375311
0.0	3.658570126724514	3.658570126724514
0.0	4.247281661685035	4.247281661685035
0.0	3.587859759784907	3.5878597597849073
0.0	3.747478075201622	3.7474780752016223
-0.0	3.854073451114142	3.8540734511141417
-0.0	3.581316930847425	3.5813169308474246
0.0	3.703131890215848	3.7031318902158485
0.0	4.016591024331188	4.016591024331188
-0.0	3.955384226316676	3.9553842263166756
0.0	3.5354031810313233	3.5354031810313233
0.0	3.4249309173047697	3.4249309173047697
0.0	3.0503322979900305	3.050332297990031
0.0	3.86538298088432	3.8653829808843203
-0.0	3.8850626183401435	3.885062618340143
0.0	3.9115839770745104	3.911583977074511
0.0	4.336545115026566	4.336545115026566
0.0	4.160026748916384	4.160026748916385
0.0	3.473120250219395	3.473120250219395
-0.0	3.850662426433227	3.8506624264332268
0.0	3.4430774508781115	3.443077450878112
-0.0	3.821058565825613	3.8210585658256124
-0.0	3.4900150191986903	3.49001501919869
0.0	3.7365626758103385	3.7365626758103385
0.0	4.003528574939866	4.003528574939866
0.0	3.564483146077715	3.564483146077715
0.0	3.8749491735820447	3.8749491735820456
0.0	3.3284105921997256	3.3284105921997256
0.0	4.092269374432393	4.092269374432393
-0.0	4.005966728123845	4.005966728123844
-0.0	3.343915359733643	3.3439153597336424
0.0	4.02475852686306	4.02475852686306
-0.0	3.75821791253036	3.758217912530359
0.0	4.1128137445017	4.1128137445017
0.0	3.778454883410545	3.778454883410545
0.0	3.603107535475659	3.603107535475659
0.0	4.0230610046721305	4.0230610046721305
0.0	3.7858948511787553	3.7858948511787553
0.0	3.5256724804971813	3.5256724804971813
0.0	4.12036188036631	4.1203618803663105
0.0	3.912978817908157	3.912978817908157
0.0	3.711358148129158	3.7113581481291584
-0.0	4.071281525709641	4.07128152570964
0.0	3.91201510767424	3.91201510767424
0.0	3.436082649357478	3.4360826493574783
-0.0	3.970915579948344	3.9709155799483438
0.0	3.536960219993076	3.5369602199930763
0.0	3.5748269800339445	3.5748269800339445
0.0	3.556767291029041	3.5567672910290415
0.0	3.728305451934319	3.7283054519343195
0.0	3.8074964752302742	3.8074964752302742
-0.0	4.193800892096308	4.1938008920963075
-0.0	3.338389229384547	3.3383892293845467
-0.0	3.6986169044438375	3.698616904443836
0.0	3.497411948386313	3.497411948386313
0.0	4.309044523966685	4.309044523966685
-0.0	4.203001970429048	4.203001970429047
0.0	4.381481928483396	4.381481928483396
-0.0	3.2805018700820145	3.2805018700820137
0.0	3.86068536008038	3.86068536008038
0.0	4.300228306916467	4.300228306916467
0.0	3.8212853015367525	3.8212853015367525
0.0	4.095316825307554	4.095316825307554
0.0	3.935267544086871	3.935267544086871
0.0	4.173240113360042	4.173240113360042
0.0	3.472519927590907	3.472519927590907
0.0	3.7603466141359307	3.760346614135931
0.0	3.6813469010299933	3.6813469010299937
0.0	3.446100362891454	3.446100362891455
0.0	3.6721612169208147	3.6721612169208147
0.0	3.707288586746531	3.707288586746531
0.0	4.132138359150693	4.132138359150693
0.0	3.64366683133419	3.64366683133419
0.0	3.7882935850496104	3.788293585049611
-0.0	3.6515511657893613	3.651551165789361
-0.0	3.78363562241764	3.783635622417639
0.0	4.350428288226335	4.350428288226335
0.0	3.2624914686110214	3.2624914686110214
0.0	3.460646815231829	3.460646815231829
-0.0	3.803966008002547	3.8039660080025466
0.0	3.751575882536346	3.7515758825363466
0.0	3.5796622353599705	3.5796622353599714
-0.0	3.953123266258394	3.9531232662583937
-0.0	3.788017315416291	3.7880173154162904
0.0	3.662669657603034	3.662669657603034
0.0	4.067717874019136	4.067717874019137
0.0	4.233927795599005	4.233927795599005
0.0	3.7341938160195887	3.734193816019589
0.0	4.20050255104694	4.200502551046941
0.0	4.0315468387829725	4.0315468387829725
0.0	4.214817124236951	4.214817124236951
-0.0	4.1645315043714195	4.164531504371419
-0.0	3.756507602713655	3.7565076027136546
0.0	3.7902394530434167	3.7902394530434167
0.0	3.5396636559537624	3.5396636559537624
0.0	4.477119271479728	4.4771192714797285
-0.0	3.6536064766027976	3.653606476602797
0.0	3.9337186166768556	3.9337186166768556
0.0	4.093030544983001	4.093030544983001
0.0	3.6617829245367646	3.6617829245367646
0.0	3.8393207593367693	3.8393207593367698
0.0	3.912518549938337	3.912518549938337
0.0	3.6391001647973313	3.6391001647973313
-0.0	3.989119766431319	3.989119766431318
0.0	3.484636907397661	3.484636907397662
0.0	3.810514300533337	3.810514300533337
-0.0	3.869540069752513	3.8695400697525124
-0.0	3.833865556336112	3.8338655563361117
0.0	3.356307703314915	3.356307703314915
-0.0	4.163259259457176	4.163259259457175
-0.0	2.967793885766639	2.9677938857666386
0.0	3.7237702878431405	3.7237702878431405
0.0	4.320918544466577	4.320918544466577
0.0	3.5974785783967134	3.5974785783967134
-0.0	3.0956042330550084	3.095604233055008
0.0	3.9366904213381764	3.936690421338177
0.0	3.5600113589856286	3.5600113589856286
-0.0	4.08051820929667	4.080518209296669
-0.0	4.382373872320188	4.382373872320187
0.0	3.606437872180622	3.606437872180622
0.0	4.193063206275319	4.193063206275319
-0.0	3.51175625178548	3.5117562517854797
0.0	4.035081551629604	4.035081551629605
-0.0	3.3237580219806984	3.323758021980698
0.0	4.0213524711540725	4.021352471154073
-0.0	4.259143911790732	4.25914391179073
0.0	4.063553109317276	4.063553109317276
0.0	3.931885030761836	3.931885030761836
0.0	3.889796623596662	3.889796623596662
0.0	3.886424083641699	3.886424083641699
0.0	3.776542229828379	3.776542229828379
0.0	3.8277332430195252	3.8277332430195252
0.0	4.251333982206561	4.251333982206562
0.0	4.059817617803549	4.059817617803549
0.0	3.6873073833626835	3.687307383362684
0.0	3.510083238117367	3.5100832381173674
0.0	3.0512743706413095	3.05127437064131
0.0	3.9723494644394557	3.9723494644394557
0.0	4.420911147825541	4.420911147825541
-0.0	3.984533331700829	3.9845333317008285
-0.0	3.4577408716248943	3.457740871624894
-0.0	3.9730784086926647	3.9730784086926643
0.0	4.139566612520282	4.139566612520282
0.0	3.8378243422496885	3.837824342249689
0.0	4.013081296124338	4.013081296124338
0.0	4.102742581390833	4.102742581390834
0.0	3.9372296679309198	3.9372296679309198
0.0	3.364127738913569	3.3641277389135693
0.0	3.3246268327019908	3.3246268327019908
0.0	4.102971951675147	4.102971951675147
-0.0	4.0044820000448125	4.004482000044812
0.0	3.3444700726286287	3.3444700726286287
-0.0	3.3805121461316334	3.380512146131633
0.0	3.7118888391824707	3.7118888391824716
0.0	3.439114700139112	3.4391147001391125
-0.0	3.6941759998798265	3.694175999879826
-0.0	4.250237020717396	4.250237020717395
0.0	4.211646992804935	4.211646992804935
0.0	4.45317511162459	4.453175111624591
0.0	4.525235478420715	4.525235478420715
-0.0	3.736461197552429	3.736461197552428
0.0	3.8930205854054094	3.8930205854054094
-0.0	4.100285001626716	4.100285001626715
0.0	3.7707284666111933	3.7707284666111938
0.0	3.818443657358689	3.81844365735869
-0.0	3.969778577086169	3.9697785770861684
0.0	3.6524292531500127	3.6524292531500127
-0.0	3.1614218545896677	3.1614218545896673
0.0	4.130451122910511	4.130451122910511
0.0	3.601382927946394	3.601382927946394
0.0	3.3606410954744286	3.3606410954744286
0.0	3.3797907765024613	3.3797907765024617
0.0	4.415990663458854	4.415990663458855
-0.0	3.949161454366146	3.9491614543661457
-0.0	4.2884295503685435	4.288429550368543
0.0	4.070572300082621	4.070572300082621
0.0	3.925129457406924	3.925129457406924
0.0	4.0279633029372475	4.027963302937248
0.0	3.627972626813671	3.627972626813671
0.0	3.874790345929857	3.874790345929857
0.0	4.04731087919082	4.04731087919082
0.0	3.423346624324116	3.423346624324116
0.0	4.320132958264296	4.320132958264296
0.0	3.2825168126716657	3.2825168126716657
-0.0	3.9544727194976996	3.954472719497699
-0.0	3.6509774045705607	3.6509774045705603
0.0	4.076985346774022	4.0769853467740225
0.0	4.165645815907518	4.165645815907518
0.0	3.9787654695159835	3.978765469515984
0.0	3.7351198343822976	3.7351198343822976
0.0	3.851676506410425	3.851676506410425
0.0	4.029455578611287	4.029455578611287
0.0	3.253550073550196	3.2535500735501963
0.0	3.701955448614058	3.701955448614058
-0.0	3.845993661397434	3.8459936613974337
0.0	3.8038940867366664	3.8038940867366664
0.0	3.8115818685273584	3.811581868527359
0.0	3.6400070214030813	3.6400070214030817
-0.0	3.2230460044745204	3.22304600447452
0.0	3.9208115247317368	3.9208115247317368
0.0	3.9214779297068483	3.9214779297068483
0.0	3.3459581599139785	3.345958159913979
-0.0	3.314005938537408	3.3140059385374077
0.0	3.9856604689266106	3.9856604689266106
0.0	4.033890237048241	4.033890237048241
-0.0	3.9899701931416782	3.989970193141678
0.0	3.4390280619464764	3.4390280619464764
0.0	3.1879858984801426	3.1879858984801426
-0.0	3.7714973368974576	3.7714973368974567
0.0	4.068970959586819	4.068970959586819
-0.0	3.2822691751389264	3.282269175138926
0.0	4.117815569592121	4.117815569592121
0.0	4.163226219238685	4.163226219238685
0.0	3.94533767001237	3.9453376700123703
0.0	3.4269747830859916	3.4269747830859916
0.0	3.738808368607578	3.738808368607578
-0.0	3.4910137419143332	3.4910137419143323
0.0	3.711905322647065	3.7119053226470653
-0.0	3.7539215697463066	3.753921569746306
0.0	3.8016637511609357	3.8016637511609357
-0.0	3.202119334932382	3.2021193349323815
-0.0	4.031217610166468	4.031217610166467
0.0	4.220386553945698	4.220386553945699
0.0	3.337166124049954	3.3371661240499546
0.0	4.419384383107153	4.419384383107153
0.0	4.014944626733175	4.014944626733175
0.0	3.9362352024368064	3.936235202436807
0.0	3.5617098076313765	3.5617098076313765
-0.0	4.064048733451589	4.064048733451588
0.0	4.30453055866259	4.30453055866259
-0.0	4.008178393450459	4.008178393450458
0.0	4.00734764003438	4.00734764003438
0.0	3.8541824835367113	3.8541824835367113
0.0	4.075599282712602	4.075599282712602
0.0	4.0293169671431475	4.029316967143148
-0.0	3.4794280601367378	3.479428060136737
-0.0	3.635354348634638	3.6353543486346376
0.0	3.658880173994658	3.6588801739946586
0.0	4.1328186071859045	4.1328186071859045
0.0	3.3937394613109624	3.3937394613109624
0.0	4.009499402830042	4.009499402830043
0.0	3.5200843426287087	3.520084342628709
0.0	3.8624585390094457	3.8624585390094457
0.0	3.6415035294134497	3.6415035294134497
0.0	4.113328732848628	4.113328732848628
0.0	3.35440244002063	3.35440244002063
0.0	3.7249216121483424	3.7249216121483424
0.0	3.838115531975042	3.838115531975042
-0.0	3.1719148070621204	3.17191480706212
0.0	3.493527110067995	3.493527110067995
0.0	3.5909330976347675	3.590933097634768
0.0	4.080984028843408	4.080984028843408
0.0	4.039424217212051	4.039424217212052
-0.0	3.869159692863297	3.8691596928632968
-0.0	3.66988963617478	3.6698896361747795
0.0	3.4025498980072633	3.4025498980072633
0.0	3.857993248613692	3.857993248613692
0.0	4.209207427237155	4.209207427237156
0.0	3.4722414523568212	3.4722414523568212
0.0	3.8811254391576298	3.8811254391576298
0.0	4.232121169308174	4.232121169308174
-0.0	4.05488142034682	4.0548814203468195
-0.0	3.532326326837752	3.532326326837751
0.0	3.8738416208170516	3.8738416208170516
0.0	4.080261003599633	4.080261003599633
0.0	4.040249021287668	4.040249021287668
0.0	4.075051551376019	4.07505155137602
-0.0	4.029163328760505	4.029163328760504
-0.0	3.4813691153770328	3.4813691153770323
0.0	3.424124565266644	3.424124565266644
0.0	3.3422761479588514	3.3422761479588514
0.0	3.6966751208647777	3.6966751208647777
-0.0	3.9794705476891674	3.979470547689166
0.0	4.122204033351463	4.122204033351463
0.0	3.287139205818354	3.287139205818354
-0.0	3.8015303333895827	3.8015303333895822
0.0	3.787010093180492	3.787010093180492
0.0	3.7776289273965373	3.7776289273965373
0.0	4.176396995846892	4.176396995846892
0.0	3.375166691658798	3.3751666916587983
0.0	3.5445653780672783	3.5445653780672783
0.0	3.7346537634989696	3.73465376349897
0.0	4.0214969830468545	4.0214969830468545
-0.0	3.808313499182684	3.8083134991826832
0.0	3.459016362442447	3.459016362442447
0.0	3.5889525718914124	3.588952571891413
0.0	3.8846703348623937	3.884670334862394
0.0	3.5692430487877793	3.5692430487877793
0.0	3.247391763857311	3.247391763857311
-0.0	4.143676973205105	4.143676973205104
-0.0	3.4668705313390573	3.466870531339057
-0.0	3.5862583327929536	3.586258332792953
-0.0	3.9243189773626885	3.9243189773626876
0.0	3.6463143736469967	3.6463143736469967
0.0	3.6767088724493715	3.676708872449372
0.0	4.452855008520825	4.452855008520825
0.0	4.124401074771284	4.124401074771284
0.0	3.467139322796851	3.467139322796851
0.0	3.7010837677880497	3.7010837677880497
-0.0	4.053599277265984	4.053599277265983
0.0	3.883224346899523	3.883224346899523
0.0	4.155418212259119	4.155418212259119
0.0	4.273886419370072	4.273886419370073
0.0	4.004810700483749	4.00481070048375
0.0	3.314638500452252	3.314638500452252
0.0	3.31171710035175	3.31171710035175
0.0	3.7386191539142897	3.73861915391429
0.0	4.391944592143756	4.391944592143756
-0.0	3.3262727736015614	3.326272773601561
0.0	3.9781161671085856	3.978116167108586
0.0	3.4521830071150976	3.4521830071150985
-0.0	3.757541342799656	3.757541342799655
0.0	3.903643080602711	3.9036430806027114
0.0	4.1812434149906235	4.1812434149906235
-0.0	3.583996698966388	3.5839966989663874
-0.0	4.004123059586558	4.004123059586557
0.0	4.05722234623645	4.05722234623645
0.0	3.459565081666741	3.4595650816667414
-0.0	4.690060684601109	4.690060684601108
0.0	3.839221763962905	3.839221763962905
0.0	3.941858585327885	3.941858585327886
0.0	4.0298543385878665	4.0298543385878665
0.0	3.5743252816842723	3.5743252816842723
0.0	3.88197748614016	3.88197748614016
0.0	4.381500674574382	4.381500674574382
-0.0	3.3665157202157148	3.3665157202157143
-0.0	3.656072740898395	3.6560727408983946
0.0	3.8341602515084388	3.834160251508439
0.0	3.9951741030923307	3.9951741030923307
0.0	3.785741199906644	3.785741199906644
0.0	3.6984071959765332	3.6984071959765332
0.0	3.8117697860674022	3.8117697860674027
0.0	3.6616780186857167	3.6616780186857167
0.0	3.7818308466842296	3.781830846684231
-0.0	3.8076439032596436	3.807643903259643
0.0	3.52116102649733	3.5211610264973308
0.0	4.34322999041593	4.34322999041593
-0.0	3.944319669229811	3.9443196692298104
-0.0	3.8716602638810174	3.871660263881017
0.0	4.010402154915619	4.010402154915619
0.0	4.138707009499756	4.138707009499756
-0.0	3.9115085541425336	3.911508554142533
0.0	3.300056427938741	3.3000564279387414
-0.0	3.4324837307765286	3.432483730776528
-0.0	3.704978010471103	3.7049780104711028
0.0	3.714270225782598	3.714270225782598
0.0	3.4476444303137983	3.447644430313799
0.0	3.9206317630745553	3.9206317630745553
0.0	3.895539240075906	3.895539240075906
0.0	4.1128418430098375	4.1128418430098375
0.0	3.954124478142364	3.954124478142364
0.0	3.6269597684002925	3.6269597684002925
0.0	4.082704126173549	4.082704126173549
0.0	3.68590418329301	3.68590418329301
0.0	3.110418327918929	3.11041832791893
0.0	3.950590087644045	3.950590087644046
-0.0	3.31452052799041	3.3145205279904095
0.0	3.411222290804574	3.411222290804574
0.0	3.694919377163718	3.694919377163719
0.0	4.2306497039718165	4.230649703971817
-0.0	3.5705089933777954	3.570508993377795
0.0	3.947346141332574	3.947346141332574
0.0	4.2674645530873185	4.2674645530873185
0.0	4.008312588437434	4.008312588437434
-0.0	3.5551319840992224	3.555131984099222
-0.0	4.005414432641644	4.005414432641643
0.0	4.0090568955258385	4.0090568955258385
0.0	3.7842069149363833	3.784206914936384
-0.0	4.082627966160226	4.082627966160225
0.0	3.49403958170178	3.4940395817017804
0.0	4.049677494662438	4.049677494662438
0.0	4.017499687285392	4.017499687285392
0.0	3.5226314204942577	3.5226314204942577
-0.0	3.8300881947039516	3.830088194703951
0.0	3.9369709642659947	3.936970964265995
0.0	3.723469075125197	3.7234690751251973
0.0	3.940380667862974	3.940380667862974
0.0	3.6039480918437343	3.6039480918437343
0.0	3.7577609113405996	3.7577609113405996
0.0	4.016653159396631	4.016653159396632
-0.0	3.7324772218045763	3.732477221804576
0.0	3.639610673081681	3.639610673081681
-0.0	4.288969377197953	4.288969377197952
-0.0	3.7767855911459987	3.776785591145998
0.0	4.157725013107251	4.157725013107252
0.0	3.258274715586937	3.2582747155869374
-0.0	3.9444239019267275	3.944423901926727
-0.0	3.5836085601457137	3.5836085601457133
0.0	4.034792526064458	4.034792526064459
-0.0	3.943247000744223	3.9432470007442224
0.0	3.8819793668718714	3.881979366871872
0.0	4.156865077673482	4.156865077673482
0.0	4.079858018985785	4.079858018985785
0.0	3.860989668886181	3.860989668886181
0.0	3.9648724915055005	3.9648724915055014
0.0	3.7714588797417115	3.7714588797417115
0.0	3.398150054512822	3.398150054512822
0.0	3.545562663675555	3.545562663675555
-0.0	3.2637990440297053	3.263799044029705
0.0	3.4718184227474493	3.4718184227474493
0.0	3.3169978554531694	3.3169978554531694
0.0	3.4694938917828857	3.4694938917828857
0.0	4.149892058851073	4.149892058851073
0.0	3.648403932551339	3.6484039325513393
0.0	3.2702096270279624	3.2702096270279624
0.0	3.710014696797248	3.710014696797248
0.0	3.6336705426617586	3.633670542661759
0.0	3.817708845826772	3.817708845826772
0.0	3.909630269344677	3.909630269344677
0.0	4.050132558591234	4.050132558591234
0.0	3.3727793735722966	3.3727793735722966
0.0	3.326547722533194	3.326547722533194
-0.0	3.729670899610795	3.7296708996107943
-0.0	3.9051983435506927	3.905198343550692
-0.0	4.228649986318081	4.22864998631808
-0.0	3.8161850128403803	3.81618501284038
0.0	3.5652256791112285	3.5652256791112285
0.0	4.160140806057888	4.160140806057888
-0.0	4.66978404386369	4.6697840438636895
0.0	4.217181859990179	4.217181859990179
-0.0	3.4156319913812996	3.415631991381299
0.0	4.4028415127392275	4.4028415127392275
-0.0	3.7726318220791533	3.772631822079153
0.0	4.191907508784601	4.191907508784601
-0.0	3.430843234271692	3.4308432342716917
0.0	3.8092330110909725	3.8092330110909725
-0.0	2.742827769763794	2.7428277697637937
0.0	4.066928452834379	4.066928452834379
0.0	3.7292746091821725	3.7292746091821725
0.0	3.5577747547091962	3.5577747547091967
0.0	3.623220276305176	3.623220276305176
-0.0	4.0354454752801905	4.03544547528019
0.0	3.569434118314842	3.5694341183148426
0.0	3.9431595830049035	3.9431595830049035
-0.0	3.9209043439255398	3.9209043439255393
-0.0	3.491482648183127	3.4914826481831267
0.0	3.960295534549724	3.960295534549724
0.0	3.7615284370891136	3.7615284370891136
-0.0	4.211250781381681	4.21125078138168
-0.0	4.220490992230489	4.220490992230488
0.0	3.569508260275064	3.569508260275064
0.0	3.7650646403232995	3.7650646403232995
0.0	3.727850469700891	3.727850469700891
0.0	4.050479641523371	4.050479641523371
-0.0	4.0571596658783795	4.057159665878379
0.0	4.059281427377038	4.059281427377039
0.0	3.569652822003075	3.5696528220030754
0.0	3.414252474464521	3.414252474464521
-0.0	3.2859447887076376	3.285944788707637
0.0	3.767944594959749	3.767944594959749
0.0	3.5540292597795573	3.5540292597795577
-0.0	3.6688748978469854	3.668874897846985
0.0	3.543092405305809	3.5430924053058095
0.0	3.5757788097125522	3.5757788097125522
0.0	3.958800210605281	3.958800210605281
0.0	3.974848844795072	3.974848844795072
0.0	4.106610791870598	4.106610791870598
0.0	4.097503277731455	4.097503277731456
0.0	4.107949853844567	4.107949853844567
0.0	4.22673482000887	4.22673482000887
0.0	3.545604584924263	3.545604584924263
0.0	3.9789388104086365	3.9789388104086365
0.0	3.9179500043106654	3.9179500043106663
-0.0	3.737895335361374	3.7378953353613737
0.0	3.7844613522554327	3.784461352255433
0.0	3.9228682150176306	3.922868215017631
0.0	3.5746147057288065	3.574614705728807
0.0	3.727319848642222	3.727319848642222
0.0	3.21738643903144	3.21738643903144
0.0	3.89036967901277	3.89036967901277
0.0	3.6273849557697817	3.6273849557697817
-0.0	3.829395397266601	3.8293953972666004
0.0	3.569249016676337	3.569249016676337
0.0	3.818226106730854	3.8182261067308545
-0.0	3.5602770526754606	3.56027705267546
0.0	3.9148836518140087	3.9148836518140087
-0.0	3.96144374483292	3.9614437448329194
0.0	3.8441984450451385	3.8441984450451385
0.0	3.5139213407076477	3.5139213407076477
0.0	4.041562968389378	4.041562968389379
0.0	4.49873163620844	4.498731636208441
0.0	3.9982418848358154	3.9982418848358154
0.0	3.8932901811524183	3.8932901811524188
0.0	4.183027182097148	4.183027182097149
0.0	3.6525268373560253	3.6525268373560253
0.0	3.7996624442645004	3.799662444264501
-0.0	3.732592974550985	3.7325929745509847
-0.0	4.041542776622798	4.041542776622797
0.0	3.4649088650017363	3.4649088650017363
0.0	4.157805603684961	4.157805603684961
0.0	2.8825836550088444	2.882583655008845
-0.0	4.31586554483574	4.315865544835739
0.0	4.261679994486235	4.261679994486235
0.0	4.120099117567758	4.120099117567759
0.0	3.628289173471092	3.6282891734710927
0.0	4.365173520337807	4.365173520337807
0.0	4.034088052971097	4.034088052971097
0.0	4.021873554149865	4.021873554149865
-0.0	3.946412824830915	3.9464128248309143
0.0	4.430527702446552	4.430527702446552
0.0	3.583542072383742	3.583542072383742
0.0	3.0340921573736357	3.0340921573736357
-0.0	3.266127912218553	3.2661279122185527
0.0	4.067165812875331	4.067165812875331
-0.0	3.869502979408365	3.8695029794083644
-0.0	4.0230598929860175	4.023059892986017
0.0	4.366596439877228	4.366596439877229
0.0	3.819684977688726	3.819684977688727
0.0	3.692776891022225	3.6927768910222256
0.0	3.4594799935500378	3.4594799935500378
-0.0	4.0304394947663145	4.030439494766314
0.0	3.9282440058827346	3.9282440058827346
0.0	3.8396987982217308	3.8396987982217308
0.0	4.064508787555326	4.064508787555327
0.0	3.5526894319592452	3.5526894319592452
0.0	3.5119451255822915	3.5119451255822915
-0.0	4.596802356424793	4.596802356424792
-0.0	3.7196614047081304	3.71966140470813
0.0	3.9340364548687923	3.934036454868793
0.0	3.977243067117956	3.9772430671179566
0.0	3.9994726162003977	3.9994726162003977
0.0	3.697958867376797	3.697958867376797
0.0	3.603095722104663	3.603095722104663
0.0	3.2607464912166617	3.2607464912166617
0.0	3.2181928596297054	3.2181928596297054
0.0	4.09977639452084	4.09977639452084
0.0	3.572837457078766	3.572837457078766
0.0	3.253748955858013	3.2537489558580135
-0.0	3.5663659976856037	3.5663659976856033
0.0	3.6164114943600576	3.6164114943600576
0.0	3.5308695155432797	3.5308695155432797
0.0	3.945000016377326	3.9450000163773264
-0.0	3.658703418684272	3.6587034186842717
-0.0	4.103598652898573	4.103598652898572
0.0	4.105199137197051	4.105199137197051
0.0	4.304100315969906	4.304100315969907
0.0	4.383449539644463	4.383449539644463
0.0	3.5904797733971012	3.590479773397102
0.0	4.093788910673028	4.093788910673028
0.0	3.8281140582674005	3.8281140582674005
0.0	3.35502899226015	3.35502899226015
0.0	3.776979946021619	3.776979946021619
0.0	3.5169213853104218	3.5169213853104218
-0.0	3.8855971445929054	3.885597144592905
-0.0	3.995879237800803	3.9958792378008026
0.0	3.8458056726416556	3.8458056726416556
0.0	3.938423478663168	3.938423478663168
0.0	3.838718165803407	3.838718165803407
0.0	3.9809493220433882	3.980949322043389
0.0	3.3559085256878625	3.3559085256878625
0.0	4.074558449715703	4.074558449715703
0.0	3.663102196308996	3.6631021963089965
0.0	4.227548538648357	4.227548538648358
-0.0	3.4950380552426994	3.495038055242699
-0.0	4.1823401654127546	4.182340165412754
-0.0	3.9065801251008283	3.906580125100828
-0.0	4.109289530575602	4.109289530575601
-0.0	3.6027492969343307	3.6027492969343298
-0.0	3.5115411045435723	3.511541104543572
-0.0	3.816506522289594	3.8165065222895933
0.0	3.8956194141888596	3.8956194141888596
0.0	3.5774612980963085	3.5774612980963085
0.0	3.9651214838320303	3.9651214838320303
0.0	3.873862237456791	3.873862237456791
0.0	4.021248242329996	4.021248242329997
0.0	3.5166229349467635	3.5166229349467635
0.0	3.4776343615210044	3.477634361521005
-0.0	3.5691367970983916	3.569136797098391
0.0	3.8880860067290035	3.8880860067290044
0.0	3.700139570367189	3.700139570367189
0.0	4.163296613175335	4.163296613175335
-0.0	3.4865436373656578	3.4865436373656573
0.0	3.498061678004897	3.4980616780048974
0.0	4.1418445289386785	4.1418445289386785
0.0	3.7212395695854417	3.721239569585442
0.0	3.3942058724507644	3.3942058724507644
