Average gap is: 0.00574 timecost: 792.353; Average global distance: 7.75526, local distance: 7.75571
0.0	7.401462785384171	7.401462785384171
0.0	7.546424988415977	7.546424988415977
0.0	7.499728584360636	7.4997285843606365
0.0	7.780955918188118	7.780955918188119
0.0	7.624433176903252	7.624433176903252
0.0	8.180844561444712	8.180844561444712
0.0	7.656066392419668	7.656066392419668
0.0	7.828603076920113	7.828603076920114
0.0	7.474485396324018	7.474485396324018
0.0	7.870535429999829	7.870535429999829
0.0	6.933285553563713	6.933285553563713
0.0	7.93349833875167	7.93349833875167
-0.0	7.477420458769602	7.477420458769601
0.0	7.60248491729405	7.602484917294051
0.0	7.633466318344403	7.633466318344403
0.0	7.637514750553157	7.637514750553157
-0.0	7.623705644063835	7.623705644063834
-0.0	7.300826068195338	7.300826068195337
-0.0	7.965314788077348	7.965314788077346
0.0	8.006223514098947	8.006223514098947
0.0	7.816122590197784	7.816122590197784
-0.0	7.853798654348658	7.853798654348657
-0.0	7.985000994463304	7.985000994463303
0.0	8.029412334662135	8.029412334662135
0.0	7.586687874582463	7.586687874582464
0.0	8.042568744160489	8.042568744160489
-0.0	8.21894892971898	8.218948929718977
0.0	8.00920638109295	8.00920638109295
0.0	7.9386458472846275	7.9386458472846275
-0.0	7.895138899584044	7.895138899584043
0.0	7.701510427747618	7.7015104277476185
-0.0	7.697201341660362	7.697201341660361
0.0	7.629051391040524	7.629051391040524
0.0	7.391303934958906	7.391303934958906
-0.0	7.717407489751153	7.717407489751151
-0.0	7.662025038012315	7.662025038012314
0.0	7.42671236767732	7.42671236767732
0.0	7.394578167162603	7.394578167162603
-0.0	7.386804827207458	7.386804827207457
-0.0	7.915588891358103	7.9155888913581025
0.0	7.466577268744066	7.466577268744067
0.0	7.984248068780784	7.984248068780785
0.0	8.11291203192879	8.112912031928792
0.0	8.004856236441933	8.004856236441933
0.0	8.038549851130556	8.038549851130558
0.04676	7.923877593034045	7.927583037838579
0.0	8.144172905379559	8.144172905379559
0.0	8.12838795416482	8.12838795416482
0.0	7.697571551404288	7.697571551404288
0.0	7.7730425221839266	7.773042522183927
-0.0	7.845037630217499	7.845037630217498
-0.0	8.084097955756008	8.084097955756006
-0.0	7.345260340034702	7.345260340034701
-0.0	7.402192361283324	7.402192361283323
-0.0	7.7374797977363166	7.737479797736316
0.0	7.852365558969531	7.852365558969531
0.00878	7.5096935164934	7.510352544295294
-0.0	7.6133251587830895	7.613325158783089
-0.0	7.85003307913334	7.850033079133339
0.0	8.186390042671976	8.186390042671976
0.0	7.717286954226962	7.717286954226963
-0.0	7.5948326831191935	7.594832683119192
0.0	7.962170200306309	7.96217020030631
0.0	7.713184644371752	7.713184644371752
0.0	7.439473430448501	7.439473430448501
0.0	7.676383443239905	7.6763834432399065
0.0	7.8342172324051695	7.8342172324051695
0.0	7.819954206015164	7.819954206015164
-0.0	7.717613138167157	7.717613138167156
0.0	7.3760543003988825	7.376054300398884
-0.0	7.620209426522816	7.620209426522815
0.0	7.597543043946816	7.597543043946816
0.0	7.745592329783969	7.74559232978397
-0.0	7.529296632739063	7.5292966327390625
-0.0	7.862307879353282	7.86230787935328
-0.0	8.040218343225272	8.04021834322527
-0.0	7.724935410201429	7.724935410201428
-0.0	7.893923438057014	7.893923438057013
0.0	7.938178841463076	7.938178841463077
0.0	8.193052349677195	8.193052349677195
-0.0	7.626262885320976	7.626262885320975
0.0	7.686118837965202	7.686118837965203
0.0	7.772094678349558	7.772094678349558
0.0	7.642429150071855	7.642429150071857
0.0	7.8682308943250625	7.868230894325063
0.0	7.166806413603184	7.166806413603186
-0.0	7.958255285008137	7.9582552850081365
0.0	8.143393660570318	8.143393660570318
-0.0	8.106622148319484	8.106622148319483
0.0	7.931149998378213	7.931149998378213
-0.0	7.620194406294914	7.620194406294913
-0.0	7.8704327055033065	7.870432705503305
0.0	7.340186371794594	7.340186371794594
0.0	7.303905223404719	7.303905223404719
0.0	7.636111676209417	7.636111676209417
0.0	7.8068529276505245	7.806852927650526
0.0	7.545877362628624	7.545877362628624
-0.0	7.504397224334131	7.50439722433413
0.0	7.33429800232093	7.3342980023209305
0.0	7.799256940795298	7.799256940795298
0.0	7.4852162297027585	7.485216229702759
-0.0	7.863392161245724	7.863392161245723
-0.0	7.843174846374435	7.843174846374434
0.0	7.787652838189038	7.7876528381890395
-0.0	7.432854980001959	7.4328549800019585
-0.0	7.944397688891067	7.944397688891066
0.0	7.567748512084511	7.567748512084512
0.0	7.731704247513507	7.731704247513507
0.0	7.683573207976136	7.683573207976137
0.0	7.3417871333089195	7.34178713330892
0.0	7.599118345232359	7.59911834523236
-0.0	7.3996771103975245	7.399677110397523
-0.0	7.9514240275508605	7.95142402755086
0.0	7.627091442979154	7.627091442979155
0.0	7.854444814748222	7.854444814748223
0.05922	7.675224869940839	7.679770423256799
0.0	7.7952899838712195	7.79528998387122
0.0	7.859205732297721	7.859205732297721
0.0	7.65697681151123	7.656976811511232
-0.0	7.601222436535481	7.601222436535479
0.0	7.592995304577366	7.592995304577368
-0.0	7.895903323896214	7.895903323896213
0.0	7.715883305813446	7.715883305813446
-0.0	7.538984939704902	7.538984939704901
0.0	7.651495752473885	7.651495752473885
0.0	7.9251284526649926	7.9251284526649926
0.0	7.9958558110429925	7.9958558110429925
0.0	7.8628727332458155	7.862872733245816
-0.0	7.256999369874491	7.256999369874489
-0.0	7.568131005602416	7.568131005602414
-0.0	7.752538961968776	7.752538961968775
0.0	7.7255473481521335	7.7255473481521335
0.0	7.524812274549397	7.524812274549399
-0.0	7.630030100803916	7.630030100803915
0.0	7.690763302426781	7.690763302426782
0.0	7.255717681697368	7.255717681697368
0.0	7.7975020973083815	7.7975020973083815
0.0	7.966003480386063	7.966003480386063
0.0	7.402286131633629	7.402286131633629
0.0	7.909694637152733	7.909694637152734
-0.0	7.50394764087272	7.503947640872719
0.0	7.887124037519882	7.887124037519882
0.0	7.595096476484664	7.595096476484665
0.0	7.99815912518568	7.998159125185681
0.0	7.782475925493634	7.782475925493634
0.0	7.791671141037861	7.791671141037862
0.0	7.772179725460282	7.7721797254602825
0.0	7.420184157353004	7.420184157353004
0.0	7.918986145114173	7.918986145114173
0.03104	7.3545012999708765	7.356784119246288
0.0	8.079114020353087	8.079114020353087
-0.0	7.393682846397883	7.3936828463978825
0.0	7.779570950869865	7.779570950869865
-0.0	8.204150970979697	8.204150970979695
0.0	7.524410223192572	7.524410223192572
0.0	7.908215192714977	7.908215192714977
0.0	7.527489152345734	7.527489152345734
-0.0	7.865322237695385	7.865322237695384
0.0	7.7428180665826165	7.7428180665826165
0.0	7.305921140184439	7.305921140184439
-0.0	7.655195201154806	7.655195201154805
0.0	7.8795187032317715	7.879518703231772
0.0	7.876490532514016	7.876490532514016
0.0	7.424606329216049	7.424606329216049
0.0	7.443996061718746	7.443996061718746
0.0	8.060798307378054	8.060798307378054
0.0	7.947207020861831	7.947207020861831
0.0	8.003234050499216	8.003234050499216
0.0	7.930876557795958	7.930876557795958
0.0	7.884519867536412	7.884519867536412
0.0	7.716348433944698	7.716348433944699
0.0	7.9253417417486824	7.925341741748683
0.0	7.969170688447828	7.969170688447829
-0.0	7.560072762286476	7.560072762286475
-0.0	7.207770584761285	7.207770584761283
0.0	7.6284178493876365	7.6284178493876365
0.0	7.407098123665078	7.407098123665078
-0.0	7.845030571310866	7.845030571310865
-0.0	7.990533614848399	7.990533614848398
-0.0	8.080219310776243	8.080219310776242
0.0	7.804949915713593	7.804949915713593
-0.0	7.634544224586444	7.634544224586443
0.0	7.5615692570326765	7.5615692570326765
0.0	7.366038114613957	7.366038114613957
0.0	7.980205043500898	7.980205043500898
0.0	7.906952217240525	7.906952217240525
0.0	8.125946616096767	8.125946616096769
0.0	7.698870332194971	7.698870332194971
0.04957	7.9055785362140805	7.909497017302768
0.0	8.132738036890316	8.132738036890316
0.0	7.95303736923165	7.95303736923165
0.0	7.790163841332145	7.790163841332146
0.00833	7.77061552547867	7.771263114397433
0.0	7.896885449563612	7.896885449563612
0.0	7.933334176444223	7.933334176444225
-0.0	7.715639941504019	7.715639941504018
0.08203	7.935420537719597	7.9419296776122765
0.0	7.413297735284612	7.413297735284612
-0.0	7.679074865877546	7.679074865877545
-0.0	7.340479970972331	7.34047997097233
0.0	7.696180756118737	7.696180756118737
0.0	7.532755390467756	7.532755390467756
0.0	7.939005510928934	7.939005510928934
-0.0	7.431415073057343	7.431415073057341
0.0	7.549943708234714	7.549943708234715
0.0	8.23299035834783	8.23299035834783
0.0	7.484298205772587	7.484298205772587
-0.0	7.380243626545863	7.380243626545862
0.22881	7.84755644645479	7.865512773386042
-0.0	7.835849639962722	7.8358496399627215
0.0	7.858657563638657	7.858657563638657
0.0	7.1108325098776355	7.1108325098776355
0.04815	7.769871456739716	7.773612299118161
0.0	7.699264099658848	7.699264099658848
-0.0	7.665594019830972	7.66559401983097
0.0	7.7426387091077675	7.742638709107768
0.0	7.703940225473779	7.703940225473779
-0.0	8.34144564353742	8.341445643537417
-0.0	7.996600204197879	7.996600204197878
0.0	7.394155009483495	7.394155009483495
0.0	7.621722944575634	7.621722944575635
-0.0	8.265547340907037	8.265547340907036
0.0	8.031024639683345	8.031024639683345
0.0	8.002135138757758	8.00213513875776
-0.0	7.615815053129895	7.615815053129894
0.0	7.590543316628203	7.590543316628204
-0.0	7.991301226077746	7.991301226077745
0.26252	8.073079398701617	8.094273214507966
-0.0	7.653947672495187	7.653947672495186
0.0	7.929502981944175	7.929502981944176
0.0	7.901746463220352	7.901746463220352
0.0	7.661023443721457	7.661023443721458
0.0	7.5124449404212115	7.5124449404212115
-0.0	7.6452227152575905	7.64522271525759
0.0	7.5236744509521145	7.523674450952115
0.0	7.586872175707526	7.586872175707527
-0.0	7.728358159417206	7.728358159417205
0.0	7.973537111032337	7.973537111032337
0.0	7.851406906480788	7.851406906480788
0.0	7.916951473310753	7.916951473310753
-0.0	7.697885297445641	7.69788529744564
0.10684	8.291507172791098	8.30036588706158
-0.0	7.435400282265751	7.43540028226575
0.0	7.853077832677305	7.853077832677305
0.0	8.045988885290871	8.045988885290873
0.0	7.669961214513199	7.669961214513199
0.0	7.720039392139332	7.720039392139332
0.0	7.762322401843164	7.762322401843164
-0.0	7.898063795488671	7.898063795488669
0.0	8.059918519844649	8.05991851984465
-0.0	7.826072773288206	7.826072773288205
-0.0	8.244714648943487	8.244714648943486
0.0	7.5965421721726365	7.5965421721726365
0.0	8.157134722337416	8.157134722337416
0.0	8.087105074351687	8.087105074351687
0.0	7.62146859959573	7.62146859959573
-0.0	7.868888091855036	7.868888091855033
0.15068	7.7723132207032135	7.784024155434575
0.0	7.641246915784919	7.641246915784919
0.0	7.746399251985926	7.746399251985927
0.0	8.085364988109408	8.085364988109408
0.0	7.85482647500321	7.854826475003211
0.0	7.979598182740956	7.979598182740956
0.0	7.982747157842215	7.982747157842216
-0.0	7.907335100093816	7.907335100093815
0.0	7.644688352832655	7.644688352832655
0.0	7.766355300751087	7.766355300751089
0.0	7.972857799672853	7.972857799672854
-0.0	7.6183220402681044	7.618322040268103
-0.0	7.3113423012868	7.311342301286799
0.0	7.833938917022479	7.83393891702248
0.0	7.328625753661198	7.328625753661198
-0.0	7.9428799219457265	7.942879921945726
-0.0	7.938814652558321	7.938814652558319
-0.0	7.968174052061595	7.9681740520615945
-0.0	7.655007292081287	7.655007292081285
0.0	7.746418507507151	7.746418507507152
0.0	8.180610231226192	8.180610231226192
-0.0	7.787599966623295	7.7875999666232945
0.0	7.974215299040955	7.974215299040955
-0.0	7.425991650562306	7.425991650562305
0.0	7.572886154350231	7.572886154350231
0.0	7.487430286974679	7.48743028697468
0.38213	7.583354823007232	7.61233302932726
0.0	7.781785187401267	7.781785187401267
0.0	8.095508458462605	8.095508458462605
0.0	7.422843121138492	7.422843121138493
0.0	7.696177257543447	7.696177257543447
0.0	7.8243905064426436	7.8243905064426436
-0.0	7.828178412246583	7.828178412246582
-0.0	7.940281770352032	7.940281770352031
0.0	7.809776282282342	7.809776282282343
-0.0	7.867450775824833	7.867450775824832
-0.0	7.87886036270362	7.878860362703619
0.0	7.628296178060024	7.628296178060025
-0.0	7.809507860056543	7.8095078600565415
0.0	7.766074437104983	7.766074437104983
-0.0	7.588837839760078	7.588837839760077
0.0	7.860944237317252	7.860944237317252
0.0	7.911892733163348	7.911892733163349
0.0	8.06290231854359	8.06290231854359
0.0	7.749345383445391	7.749345383445393
0.0	7.758756538046834	7.758756538046834
0.0	8.05396194058715	8.053961940587152
0.0	7.68771425883794	7.687714258837941
0.0	7.431552047974278	7.431552047974278
0.0	8.12902171205586	8.12902171205586
-0.0	8.314248078912058	8.314248078912057
0.0	8.235300126721372	8.235300126721372
0.0	7.66230987899644	7.66230987899644
-0.0	7.997704576819248	7.997704576819247
0.0	7.8312614526893345	7.8312614526893345
0.0	7.385905555972533	7.385905555972533
-0.0	7.84246362421736	7.842463624217359
-0.0	7.890331745125803	7.890331745125801
-0.0	7.664456308901701	7.6644563089017
-0.0	7.549777755698086	7.549777755698085
0.0	7.645097525324255	7.645097525324255
0.0	7.457421668332158	7.457421668332158
0.0	7.5751342559626025	7.5751342559626025
0.0	7.662229268418264	7.6622292684182645
0.0	7.593755102277784	7.593755102277784
-0.0	7.895185572330872	7.895185572330871
0.0	8.023785001182647	8.023785001182647
-0.0	7.716054889819366	7.7160548898193655
0.0	8.074824160362335	8.074824160362335
-0.0	7.569218793578839	7.569218793578838
0.0	7.1484716358155636	7.148471635815564
0.0	7.931499494907491	7.931499494907491
0.0	7.652679932200546	7.652679932200547
0.0	7.97975152569378	7.979751525693782
0.0	7.344471691663174	7.344471691663174
0.0	7.765896165575627	7.765896165575627
0.0	7.977213494613888	7.977213494613888
0.0	7.357502840038636	7.357502840038636
0.0	8.121693897929882	8.121693897929882
0.0	7.5993509107723645	7.5993509107723645
-0.0	7.428368248685439	7.428368248685437
0.0	7.621093809167526	7.621093809167526
0.0	7.910827453688828	7.91082745368883
0.17659	8.076417810292329	8.090679561381563
0.0	7.458393665750135	7.458393665750135
0.0	7.635206537441022	7.635206537441022
-0.0	7.282976372922648	7.282976372922647
-0.0	7.802598615567806	7.802598615567805
0.0	7.486752147470652	7.486752147470652
0.0	7.490709565931897	7.490709565931897
0.0	7.729945802903867	7.729945802903868
0.0	7.466018091726428	7.466018091726428
0.0	7.72638840898884	7.72638840898884
0.0	7.78803561363895	7.788035613638951
0.0	7.6586845094700795	7.6586845094700795
0.25009	7.835794140794366	7.855390843586097
0.0	7.819930431996506	7.819930431996507
0.0	8.063798102360249	8.06379810236025
-0.0	7.531232191889453	7.531232191889452
-0.0	7.630597955693592	7.630597955693591
-0.0	7.833697544930583	7.833697544930582
0.0	7.505583147524849	7.505583147524849
-0.0	8.006878082243833	8.006878082243832
0.0	7.68786096496033	7.68786096496033
0.0	7.940302827691758	7.940302827691758
-0.0	7.45386568983241	7.453865689832409
0.0	7.427142489752883	7.427142489752883
0.0	7.818692751086347	7.818692751086347
0.0	8.108280217226945	8.108280217226945
0.0	7.658931031754229	7.658931031754229
0.0	8.122097352358034	8.122097352358034
0.0	7.539296930052233	7.539296930052234
-0.0	8.16383618996307	8.163836189963067
0.19494	7.625942030204698	7.640808170132283
-0.0	7.839575816559286	7.839575816559285
0.0	7.883984859663568	7.883984859663569
-0.0	7.678583582443384	7.678583582443383
0.0	7.65350897197058	7.65350897197058
-0.0	7.246753015526272	7.246753015526271
0.0	7.771845026376136	7.771845026376137
-0.0	7.481513229847046	7.481513229847045
-0.0	7.9106592697509095	7.910659269750909
0.0	7.599693637803176	7.599693637803177
-0.0	7.989579826809647	7.9895798268096465
0.0	7.816044757890886	7.816044757890886
0.0	7.757349019642753	7.757349019642754
0.0	8.254703552031351	8.254703552031351
-0.0	7.787198381375111	7.787198381375109
0.0	7.596390352188507	7.596390352188507
0.0	7.663015863826445	7.663015863826446
0.0	7.899104706716024	7.899104706716025
0.0	7.372766578078618	7.372766578078619
0.0	7.308409380887738	7.308409380887738
0.03385	8.01443930979727	8.017151944636689
-0.0	7.986790055180791	7.986790055180789
-0.0	8.104779029526227	8.104779029526226
0.0	7.479556209703901	7.479556209703902
0.0	8.127527805117488	8.127527805117488
-0.0	7.746710102422209	7.746710102422208
0.0	8.034262545074867	8.034262545074867
-0.0	7.991079040888119	7.991079040888118
0.0	7.680796732233223	7.680796732233223
-0.0	7.641420268721131	7.641420268721129
0.0	7.685339462082701	7.685339462082701
0.0	8.242880619831217	8.242880619831219
0.0	7.783994182664902	7.783994182664902
0.0	7.814936300008659	7.814936300008659
0.0	7.829395408253039	7.829395408253039
0.0	7.803825380095805	7.803825380095807
-0.0	7.595571461256438	7.595571461256437
0.0	8.016750505765751	8.016750505765751
0.0	7.860033952024719	7.86003395202472
0.0	7.905908816037124	7.905908816037125
0.0	7.625800201452499	7.6258002014525
0.0	7.885150144307851	7.885150144307851
-0.0	8.169436128594539	8.169436128594537
-0.0	7.64577652810444	7.645776528104438
-0.0	7.967336597125835	7.9673365971258345
0.0	7.54567549939141	7.54567549939141
0.0	7.83960111425197	7.839601114251971
0.0	7.499729424587802	7.499729424587803
0.0	7.768358327756652	7.768358327756652
-0.0	7.705089945970563	7.705089945970562
0.0	8.035555254972635	8.035555254972637
0.0	7.723449119229326	7.723449119229327
-0.0	8.151981111628654	8.151981111628652
-0.0	7.5459486939480875	7.545948693948087
-0.0	7.962388749174063	7.962388749174062
0.0	8.241578217375412	8.241578217375412
0.0	8.25169717653537	8.25169717653537
0.0	8.347679881228567	8.34767988122857
0.0	7.6604090946074255	7.6604090946074255
-0.0	8.044653291399435	8.044653291399433
0.0	8.053837356159875	8.053837356159876
0.0	7.67860649821265	7.678606498212651
0.0	7.674342337038597	7.674342337038597
0.0	7.614044163866896	7.614044163866896
0.0	8.130714989467698	8.130714989467698
0.0	7.658484011186273	7.658484011186273
0.0	7.817098957386348	7.817098957386348
0.0	7.510446978588596	7.510446978588596
0.0	7.766638935783451	7.766638935783451
0.0	7.990962832936504	7.990962832936505
0.0	7.881383886285326	7.8813838862853265
0.0	7.466121653411992	7.466121653411992
-0.0	7.909829973938102	7.909829973938101
0.0	7.661112865542311	7.661112865542311
0.0	7.648678086439995	7.648678086439996
0.0	7.40796558422022	7.40796558422022
-0.0	7.456443642691715	7.456443642691714
-0.0	7.4893867342859055	7.489386734285905
0.01324	8.093368441528686	8.094439983967263
-0.0	7.936179823812297	7.936179823812296
-0.0	7.940455032817756	7.940455032817755
0.0	7.6411322171731	7.6411322171731
-0.0	7.669321400866201	7.6693214008662
-0.0	7.871835991460652	7.871835991460651
-0.0	7.788402198577137	7.788402198577136
0.0	7.8827314831213675	7.882731483121369
-0.0	7.818295805003089	7.818295805003088
0.0	8.239300760677148	8.239300760677148
0.0	7.81055752176251	7.810557521762512
0.0	7.184115239184999	7.184115239184999
0.0	7.870519365130827	7.870519365130827
0.0	7.724123111647941	7.724123111647941
0.0	7.772508660729714	7.772508660729714
0.0	7.736449939650145	7.736449939650145
0.0	7.556661556272108	7.5566615562721084
-0.0	7.906632153662169	7.9066321536621675
0.0	7.477716319933181	7.477716319933181
0.0	7.43163334025742	7.431633340257422
0.0	8.119342482265047	8.119342482265047
-0.0	7.621536657371748	7.621536657371747
0.0	7.813231078699073	7.813231078699073
0.0	7.793165069840903	7.793165069840903
0.0	7.968007412795607	7.968007412795607
0.0	7.914943549007479	7.9149435490074795
-0.0	8.004802572833793	8.00480257283379
0.0	7.339301734010233	7.339301734010234
0.0	7.854435807182125	7.854435807182125
0.0	8.146536554433606	8.146536554433606
0.0	7.454065728154167	7.454065728154167
0.0	7.867856831127493	7.867856831127493
0.0	7.9749139039133015	7.974913903913302
0.0	7.573548290508901	7.573548290508902
0.0	7.767703391864357	7.767703391864357
-0.0	7.522270998984359	7.522270998984357
0.0	7.9512521786193835	7.9512521786193835
-0.0	7.893111586295768	7.893111586295766
-0.0	7.576439402348959	7.576439402348958
0.0	7.673430399496555	7.673430399496555
-0.0	7.446667638851133	7.446667638851132
-0.0	7.729654293412321	7.72965429341232
-0.0	7.7873859877316285	7.787385987731628
0.0	7.571471349116092	7.571471349116092
0.0	7.541715235732195	7.541715235732196
-0.0	7.670633616031882	7.670633616031881
-0.0	7.888646920088521	7.8886469200885205
0.0	7.6665734668413705	7.666573466841371
0.0	7.2783407230945425	7.278340723094543
0.0	8.044463418847316	8.044463418847316
0.0	7.239410883860081	7.239410883860081
0.0	7.441542598141101	7.441542598141102
0.0	7.685186781403727	7.685186781403727
0.0	8.031777913921424	8.031777913921424
0.0	7.557869401687947	7.557869401687947
-0.0	7.856031224377094	7.856031224377093
0.0	7.384967008574738	7.384967008574738
-0.0	7.966082492224862	7.966082492224861
0.0	7.443458085563011	7.443458085563012
0.0	7.482566540556704	7.482566540556704
0.0	7.682472582181296	7.682472582181296
0.0	7.449048215894773	7.449048215894773
0.74465	7.86547049831069	7.924040979364612
0.0	8.221230132205466	8.221230132205466
0.0	8.080019096300218	8.080019096300218
0.0	7.222001649848631	7.222001649848631
-0.0	7.579874033653838	7.579874033653837
0.0	7.635944755637254	7.635944755637254
0.0	7.570163072068146	7.570163072068148
0.0	7.579145328938539	7.579145328938539
0.0	7.605915861118289	7.60591586111829
-0.0	7.667457177952351	7.66745717795235
0.0	7.743944671518279	7.743944671518279
-0.0	7.624424670217395	7.624424670217394
0.10347	8.243874261561382	8.252404410619786
0.0	7.542566449435856	7.542566449435856
0.0	7.958169367788815	7.958169367788815
0.0	7.8732280004096395	7.87322800040964
0.0	7.8754430899883445	7.8754430899883445
0.0	7.6375098107204895	7.63750981072049
0.0	7.634956024320582	7.634956024320582
-0.0	7.702412646262123	7.702412646262122
0.0	7.566683257232601	7.566683257232601
0.0	7.6530844529445545	7.6530844529445545
0.11294	7.861441777394065	7.8703201600160355
-0.0	7.904173095566785	7.904173095566784
0.0	7.651358323716162	7.651358323716164
-0.0	7.530967497108561	7.53096749710856
0.0	7.863401174494667	7.863401174494668
0.0	7.802796365795237	7.8027963657952375
0.0	7.956001290927668	7.956001290927668
0.0	8.097183835609153	8.097183835609153
0.0	7.933542175193783	7.933542175193783
0.0	7.415321506769333	7.415321506769333
0.0	7.842293232431082	7.842293232431082
0.0	7.70480792857731	7.70480792857731
-0.0	7.821283181076748	7.821283181076746
0.0	7.735962969310304	7.735962969310306
0.0	7.810866252277039	7.810866252277039
0.0	7.945299527796477	7.945299527796478
0.0	7.641729279764908	7.641729279764908
0.0	7.7704179640472235	7.770417964047224
0.0	7.632662626060382	7.632662626060383
-0.0	7.977623745879873	7.977623745879872
0.0	7.950364698296956	7.950364698296957
0.49549	7.866898498992579	7.905877994401509
0.0	8.110014547113101	8.110014547113101
0.0	7.4824127456679825	7.4824127456679825
-0.0	7.421093250763183	7.421093250763182
-0.0	7.636741036689383	7.636741036689382
0.0	8.0438653482067	8.0438653482067
0.0	7.646037212940742	7.646037212940742
0.0	7.716505683903932	7.716505683903932
0.26186	7.677607542415602	7.6977119314328935
0.0	7.5721020574376485	7.57210205743765
0.0	7.945668716134371	7.9456687161343735
0.0	7.660461034722441	7.660461034722441
-0.0	8.125499591893542	8.12549959189354
0.0	7.72806554719411	7.728065547194111
0.0	7.4820539153216465	7.4820539153216465
-0.0	7.702289929346654	7.702289929346653
0.0	7.5224392362245345	7.5224392362245345
0.0	7.614186821407861	7.614186821407862
0.0	7.776603244784019	7.776603244784019
0.0	8.097084226129866	8.097084226129867
0.0	8.053510065738028	8.053510065738028
-0.0	7.870609579850923	7.870609579850922
0.0	7.767438108249089	7.767438108249089
-0.0	7.708097074565746	7.708097074565745
0.11511	8.097257766199562	8.10657874988559
0.0	7.364361701124892	7.364361701124892
0.0	7.990178736161054	7.990178736161054
0.0	7.6702911131327305	7.670291113132731
0.0	8.046228122327433	8.046228122327433
0.0	7.589332617189918	7.5893326171899185
-0.0	7.41781131755296	7.417811317552959
0.0	7.839571318339264	7.839571318339264
-0.0	7.771624094929614	7.771624094929613
0.0	7.648229695943552	7.648229695943552
0.0	7.667039479760703	7.667039479760705
-0.0	7.735981313415584	7.735981313415583
0.0	7.966559801218022	7.966559801218022
0.0	7.678950037456535	7.678950037456535
0.0	7.834996436106718	7.834996436106719
-0.0	7.389655366478402	7.389655366478401
0.0	8.044552511550675	8.044552511550675
0.0	7.840103508778659	7.84010350877866
0.0	7.7462093510785985	7.7462093510785985
0.0	7.619468118560343	7.619468118560344
-0.0	7.554459588590692	7.554459588590691
0.0	8.03249451780199	8.03249451780199
0.0	8.094366683674743	8.094366683674743
0.0	7.8987223821835375	7.8987223821835375
-0.0	7.891101063909829	7.8911010639098285
0.0	7.338821906652383	7.338821906652383
0.0	7.55321877497409	7.553218774974092
-0.0	7.549963259277416	7.5499632592774155
-0.0	7.8128465125190925	7.81284651251909
0.0	7.582060121118401	7.582060121118401
0.0	8.328365855525401	8.328365855525401
0.0	7.60527788761701	7.605277887617011
0.0	7.45219200035002	7.45219200035002
0.0	8.004520191078381	8.004520191078381
-0.0	7.81038110920985	7.810381109209849
0.0	7.387395062767175	7.387395062767175
0.0	7.465807885664379	7.46580788566438
-0.0	7.336316454848271	7.33631645484827
0.0	8.026355757951919	8.026355757951919
0.0	7.225899148616578	7.225899148616579
0.0	8.02903889632682	8.02903889632682
0.0	7.600131520285155	7.600131520285156
-0.0	7.556182180511362	7.556182180511361
0.0	7.562854861590532	7.562854861590532
0.00891	7.793593480788665	7.794287585790509
0.0	7.752692253508819	7.75269225350882
0.0	7.481509875691592	7.481509875691594
-0.0	8.07512404642294	8.075124046422939
0.20005	8.086478299503117	8.102655067777574
0.09075	7.8955715065443135	7.902736687233353
0.0	7.611910368127441	7.611910368127441
0.0	7.996156396312556	7.996156396312557
0.0	8.257999805002225	8.257999805002227
0.0	8.028920661398152	8.028920661398152
0.0	7.85302097080527	7.85302097080527
0.0	7.911003698464517	7.911003698464519
0.0	8.008679379228019	8.00867937922802
0.0	7.729080940975604	7.729080940975604
0.0	7.892389375654949	7.8923893756549495
-0.0	8.158701556113662	8.15870155611366
0.0	7.874056639268062	7.874056639268062
0.0	7.945896304173458	7.945896304173458
0.0	7.556817961400586	7.556817961400587
-0.0	7.810041466604855	7.810041466604854
0.0	7.859718365527277	7.859718365527277
0.0	7.599861690604531	7.599861690604531
-0.0	8.025722474657545	8.025722474657544
0.0	7.967140213037342	7.967140213037342
0.0	7.806781532830621	7.806781532830622
0.0	7.739625521440576	7.739625521440577
-0.0	7.4345954153468785	7.434595415346878
0.0	8.228566769136409	8.228566769136409
0.0	7.6431895657435085	7.6431895657435085
0.0	8.164812836834056	8.164812836834058
0.0	7.768561436730359	7.768561436730359
-0.0	7.384628747857783	7.384628747857782
-0.0	7.547699471852671	7.54769947185267
0.0	7.905630981618968	7.905630981618968
0.0	7.729606082377721	7.729606082377722
0.37464	8.050304748683585	8.080464163845683
-0.0	7.784156543008543	7.784156543008542
0.0	7.711384858950915	7.7113848589509155
0.0	7.755684734507824	7.755684734507824
0.0	7.901320628506417	7.901320628506418
0.0	7.917327294602678	7.917327294602678
-0.0	7.6279318846473165	7.627931884647316
0.0	7.8314267574212	7.831426757421201
0.0	8.187349730090881	8.187349730090881
0.0	7.635362090288298	7.635362090288298
0.0	7.161732674578044	7.161732674578046
0.0	7.840780090649087	7.840780090649087
0.0	7.987672504380103	7.987672504380103
0.03828	7.890816221695953	7.893837040334974
-0.0	7.618729003730332	7.618729003730331
-0.0	7.672726076088672	7.672726076088671
0.0	7.824349719117384	7.824349719117384
0.0	7.649131402900798	7.649131402900799
0.0	7.804652497561086	7.804652497561086
-0.0	7.920372791881172	7.920372791881171
-0.0	7.736014520553697	7.736014520553696
-0.0	7.874959921919542	7.87495992191954
0.0	7.440920648608629	7.44092064860863
0.0	7.948236018554381	7.948236018554381
0.0	7.973054161336895	7.973054161336895
0.0	7.8912964480260435	7.891296448026044
0.0	7.731477910948962	7.731477910948962
0.0	7.007351133886757	7.007351133886758
0.0	7.394624376056592	7.394624376056592
0.0	7.869545274499316	7.869545274499316
0.0	8.14897072181612	8.14897072181612
-0.0	7.492632750064113	7.492632750064112
-0.0	7.729915525108102	7.7299155251081
0.0	7.67794827647657	7.67794827647657
0.0	7.50721709740417	7.507217097404171
0.0	7.486525850274399	7.486525850274399
0.0	7.888239664212381	7.888239664212381
0.0	7.657057650962163	7.657057650962163
-0.0	7.979736817893455	7.979736817893453
0.0	7.808501122617056	7.808501122617056
0.0	8.097662077953979	8.097662077953979
0.05084	8.008656057847835	8.01272771534899
0.0	7.566944330377219	7.56694433037722
-0.0	7.789426543774412	7.789426543774411
0.0	7.389950677644098	7.389950677644098
0.0	7.812945779940076	7.812945779940076
0.0	7.612442747797455	7.612442747797456
0.0	7.731315362426358	7.731315362426358
0.0	7.78124890907953	7.78124890907953
0.0	7.779029499103252	7.779029499103252
0.0	7.4108159747866456	7.4108159747866456
-0.0	7.751343456816466	7.751343456816465
0.0	7.277571655734096	7.277571655734096
0.18226	7.797813895462182	7.812026133715334
0.0	7.714442814434098	7.714442814434099
0.0	7.768740963904378	7.768740963904379
0.0	7.98968640666262	7.9896864066626225
0.04102	7.58315639627315	7.586267134189651
0.0	7.758951622483159	7.75895162248316
0.0	7.876612978809974	7.876612978809974
0.0	7.467469765011878	7.46746976501188
0.0	7.764666498677779	7.764666498677779
0.0	8.043586730335349	8.04358673033535
0.0	8.154615561028763	8.154615561028763
0.0	7.667262712373441	7.667262712373441
0.0	7.680061832847753	7.680061832847753
-0.0	8.09723857838552	8.097238578385518
-0.0	7.682297237483686	7.682297237483685
0.0	7.9052029121967	7.905202912196701
-0.0	8.006812259676831	8.00681225967683
0.0	7.674471808164844	7.674471808164844
0.07468	7.891996542496258	7.897890230110637
0.0	7.840837246512204	7.840837246512204
-0.0	7.902444544841906	7.902444544841904
0.0	7.400499493286657	7.400499493286657
0.0	7.6751524626931324	7.675152462693134
0.0	8.045244320440192	8.045244320440192
0.0	8.20674635541069	8.20674635541069
-0.0	7.864042851903693	7.864042851903691
0.0	8.039041891411866	8.039041891411866
-0.0	8.160982109416157	8.160982109416155
-0.0	7.2260608822114465	7.226060882211446
-0.0	7.829011157596976	7.829011157596975
-0.0	8.13619130210243	8.136191302102429
0.0	7.754435315287011	7.754435315287011
-0.0	8.060341463959514	8.060341463959512
0.0	7.452799792673624	7.452799792673624
0.0	7.651885556067834	7.6518855560678345
0.0	7.77560127803498	7.77560127803498
-0.0	8.140407913104386	8.140407913104383
0.0	7.561385850620926	7.561385850620926
0.0	7.31506335868148	7.315063358681481
-0.0	7.491106881844511	7.49110688184451
0.0	7.153155137451056	7.153155137451058
0.0	7.867824068751701	7.867824068751702
0.0	7.851174382123913	7.851174382123913
0.0	8.087290534747297	8.087290534747297
0.0	8.021995052422628	8.02199505242263
-0.0	7.828166107722931	7.8281661077229305
0.0	7.527524597868913	7.527524597868913
0.0	8.078831930383007	8.078831930383007
0.0	7.3241746688944644	7.324174668894465
-0.0	7.853219703094918	7.853219703094917
0.0	7.31458791918727	7.31458791918727
0.0	7.632569378811421	7.632569378811421
-0.0	8.104372023651912	8.10437202365191
-0.0	7.921013105374747	7.921013105374746
0.0	7.628908394816703	7.628908394816704
0.0	7.72672135324206	7.726721353242061
-0.0	7.681163030890509	7.681163030890508
0.0	7.793450384645052	7.793450384645053
0.0	7.9452872268251555	7.945287226825157
0.0	7.969290778817552	7.969290778817552
-0.0	7.932281182761763	7.932281182761762
0.0	7.932177977255744	7.932177977255744
0.0	7.5725198172976596	7.572519817297661
0.0	7.3662267294376385	7.366226729437639
0.0	7.405689314913889	7.405689314913889
-0.0	7.452779296088688	7.452779296088687
-0.0	7.936379462611129	7.936379462611128
0.0	7.578961138328275	7.578961138328276
-0.0	7.668441158570721	7.66844115857072
0.0	7.962328149921013	7.962328149921013
-0.0	7.876606261604314	7.876606261604313
0.0	7.790949577723685	7.790949577723685
0.0	8.076158826624756	8.076158826624756
-0.0	7.394210161036674	7.394210161036673
-0.0	7.806161163595508	7.806161163595506
0.0	7.94572089196629	7.94572089196629
0.0	7.445157272656118	7.445157272656118
0.0	7.93931587394515	7.9393158739451515
-0.0	7.796224925291786	7.796224925291785
0.0	7.80166046970334	7.80166046970334
0.00805	7.698635929884273	7.699255542772933
0.0	7.43475645256135	7.43475645256135
0.0	7.926224932747451	7.926224932747451
0.0	7.797057796356435	7.797057796356436
0.04758	7.781328298267391	7.78503084420042
-0.0	7.7806327613984045	7.780632761398404
0.0	7.3134667003231995	7.3134667003232
-0.0	7.7387345847353215	7.738734584735321
0.0	7.815258356533566	7.815258356533566
0.0	7.328288523470639	7.328288523470639
-0.0	7.609624759041967	7.609624759041966
-0.0	7.705149599122639	7.705149599122638
0.0	7.960701279898911	7.960701279898913
-0.0	7.641666737016488	7.641666737016486
0.0	8.004809231230093	8.004809231230093
-0.0	7.583402508394546	7.5834025083945455
0.0	7.55299198639071	7.552991986390711
-0.0	7.709563659750442	7.709563659750441
0.0	7.950755098973819	7.95075509897382
0.00211	7.851787427955273	7.851953120917131
-0.0	7.448029800005175	7.448029800005174
0.0	8.056044610811096	8.056044610811096
0.0	7.614888695959859	7.614888695959859
0.0	7.3379615098415485	7.3379615098415485
0.0	7.818234940499915	7.818234940499915
0.0	7.857117966753337	7.857117966753338
0.0	8.187987746842715	8.187987746842715
0.0	7.966735281902968	7.96673528190297
0.0	7.6322098050447025	7.6322098050447025
-0.0	7.873798677582894	7.873798677582893
0.0	8.10711234079048	8.10711234079048
-0.0	7.78430926037851	7.784309260378509
-0.0	7.51155856731436	7.511558567314358
0.0	7.581730707503603	7.581730707503603
-0.0	8.041342640445011	8.04134264044501
-0.0	7.569545064440324	7.569545064440323
0.0	7.407653117170833	7.407653117170833
0.0	7.826702753954723	7.826702753954723
-0.0	7.57104472395543	7.5710447239554295
-0.0	7.463047479621279	7.463047479621278
0.0	8.36398571015036	8.36398571015036
0.24889	8.343038553954546	8.363803921124381
0.0	7.9127393007168045	7.9127393007168045
0.0	7.917089534523547	7.917089534523549
0.0	7.895182384435636	7.895182384435636
0.0	7.997172759819677	7.997172759819678
0.0	7.779248911534445	7.779248911534445
0.0	7.692690742342902	7.6926907423429025
-0.0	7.636767200962964	7.6367672009629635
0.0	7.756385414112852	7.756385414112853
0.0	7.632069654646828	7.632069654646828
-0.0	7.401645619247262	7.401645619247261
0.0	7.288200073712	7.288200073712
0.0	7.714867105377548	7.714867105377548
0.0	7.952998128404135	7.952998128404135
0.0	7.250353664847258	7.250353664847258
-0.0	7.589251094541403	7.589251094541401
0.0	7.949200447896325	7.949200447896325
0.0	7.884179911288911	7.884179911288911
-0.0	7.950953792433544	7.950953792433543
-0.0	7.40424931046304	7.404249310463039
-0.0	7.053854500191786	7.053854500191783
0.0	7.807950368312541	7.807950368312542
-0.0	8.42171125554211	8.421711255542109
-0.0	7.79163088913536	7.791630889135359
-0.0	7.977332587522793	7.977332587522792
0.0	7.728131976867493	7.728131976867494
0.0	7.920795571591003	7.920795571591003
-0.0	7.570044849245763	7.570044849245761
-0.0	7.812639964439528	7.812639964439527
0.0	7.548919202235373	7.548919202235373
0.0	7.613045883315252	7.613045883315252
0.0	7.496741203195971	7.496741203195971
-0.0	7.922612845143037	7.9226128451430355
0.0	8.077238080885197	8.077238080885197
0.0265	7.928905190637904	7.931006427622544
-0.0	7.929656038036585	7.929656038036584
-0.0	7.589033567904092	7.5890335679040914
0.0	7.987959485537303	7.987959485537304
0.0	7.432369544051632	7.432369544051632
0.0	7.795971305073404	7.795971305073405
0.0	7.838077938591241	7.838077938591241
0.0	8.088245013485825	8.088245013485825
-0.0	7.679236963668663	7.679236963668662
0.0	7.6959222750999	7.6959222750999
-0.0	8.109544815762458	8.109544815762456
0.0	7.669214717488135	7.669214717488135
0.0	8.217891085607194	8.217891085607196
0.0	7.6251557387354785	7.6251557387354785
0.0	7.748979197403366	7.748979197403367
0.0	7.706564234820738	7.706564234820739
0.0	7.512882466161536	7.512882466161536
0.0	7.777781299851446	7.777781299851447
0.0	8.076881575990697	8.076881575990697
0.0	7.419963730007327	7.419963730007328
0.0	7.367511593019725	7.367511593019726
0.0	7.749810774029715	7.749810774029715
0.0	7.6354349722011525	7.6354349722011525
0.0	7.351059208411159	7.351059208411159
-0.0	7.500983004911488	7.500983004911487
0.0	7.3891131923422	7.3891131923422
0.08112	7.624193917502295	7.63037859247533
0.0	7.884881939243994	7.8848819392439955
0.0	7.786758696028147	7.786758696028148
0.0	7.587985086199247	7.587985086199247
0.0	8.22165366458195	8.221653664581954
-0.0	7.513805365406267	7.513805365406266
0.0	7.874001365214627	7.874001365214627
-0.0	7.763709901456366	7.763709901456365
0.0	7.813610888495612	7.813610888495613
0.0	7.64307568629785	7.643075686297851
0.0	7.819155076738372	7.819155076738372
0.25179	7.835291503020777	7.85502019937346
0.0	7.86446422610714	7.864464226107141
0.0	7.858889505111604	7.858889505111604
0.0	7.87271485322626	7.87271485322626
0.0	7.574918957651738	7.574918957651738
0.0	7.404129031168026	7.404129031168026
0.0	7.798719688481407	7.798719688481408
0.0	7.568718185936435	7.568718185936435
0.0	8.166143247641617	8.166143247641617
0.0	7.834224519935631	7.834224519935631
0.0	7.823198272236971	7.823198272236972
0.0	7.2095086126896035	7.209508612689605
0.0	7.8306624476935625	7.8306624476935625
0.0	7.892607575944795	7.892607575944795
-0.0	7.724634370874873	7.724634370874872
0.0	7.633580319845402	7.633580319845403
0.0	7.721249237750129	7.721249237750129
-0.0	7.491194899705722	7.491194899705721
0.0	7.846792989266255	7.846792989266256
-0.0	7.151000395587161	7.15100039558716
0.0	7.721121013498744	7.721121013498744
-0.0	7.65378015938105	7.653780159381048
0.0	7.824319160347214	7.824319160347215
-0.0	7.640221530771271	7.64022153077127
0.0	7.898999218495398	7.8989992184953985
0.0	7.896228085465962	7.896228085465962
0.0	7.924165394904046	7.924165394904047
-0.0	7.810650327951354	7.810650327951353
0.0	7.958602295779249	7.95860229577925
0.0	7.791034075745393	7.791034075745393
0.0	7.719834233516859	7.719834233516859
0.0	7.659877349315926	7.659877349315926
0.0	7.574611374853193	7.574611374853194
0.0	7.971579691935513	7.971579691935513
0.0	7.561124423151263	7.561124423151263
0.0	7.930904966067951	7.930904966067951
0.0	8.00166638102981	8.00166638102981
0.0	7.674025417585736	7.674025417585736
0.0	7.9246780750566685	7.9246780750566685
0.0	7.687570261856652	7.687570261856654
-0.0	8.169602459591916	8.169602459591914
0.0	7.79810408675074	7.79810408675074
0.0	7.80990211253273	7.809902112532732
0.0	8.060867886281319	8.060867886281319
0.0	8.09699546830715	8.09699546830715
0.0	8.005180508255044	8.005180508255046
0.0	7.799340448861704	7.799340448861704
0.0	7.741467226412843	7.741467226412844
0.0	7.7249434141309905	7.7249434141309905
0.0	7.619580378357883	7.619580378357883
-0.0	7.899113982029224	7.899113982029223
0.0	7.744677197522888	7.744677197522888
-0.0	7.541019759624105	7.541019759624103
0.0	7.346074396226561	7.346074396226561
-0.0	7.766963178108195	7.766963178108194
0.0	7.852062291312899	7.852062291312899
0.0	7.829311353387587	7.829311353387587
-0.0	7.531176821434098	7.531176821434097
0.0	7.844490033442435	7.844490033442437
0.0	7.292322518304552	7.2923225183045535
0.0	7.706319082525036	7.706319082525038
-0.0	7.66832643821982	7.668326438219819
-0.0	7.89669109551371	7.8966910955137095
0.0	7.62393756176633	7.623937561766331
0.0	7.839725429798834	7.839725429798834
0.0	7.727844097958832	7.727844097958833
0.0	8.26066279311191	8.26066279311191
-0.0	7.951887761243709	7.951887761243708
-0.0	7.397371195973589	7.397371195973588
0.0	7.843346955509954	7.843346955509954
0.0	7.731486566986089	7.731486566986089
0.0	7.780595830928872	7.780595830928874
0.0	7.760676472067048	7.760676472067049
0.0	8.066793070913741	8.066793070913741
0.0	7.487823095873079	7.487823095873079
-0.0	7.942681808554794	7.942681808554792
0.02604	8.12046777666992	8.12258242103711
0.0	7.562379376584822	7.562379376584822
0.0	7.550473752771207	7.550473752771207
-0.0	7.662025326406064	7.662025326406063
-0.0	7.807783745804889	7.807783745804888
-0.0	7.5149545288977135	7.514954528897713
0.0	8.02075616627467	8.02075616627467
0.0	7.690534566140181	7.690534566140182
0.0	7.529115277781325	7.529115277781325
-0.0	7.346136068187712	7.346136068187711
-0.0	7.899124136269764	7.899124136269763
0.0	8.078951327709929	8.078951327709929
-0.0	7.61482063587194	7.614820635871939
-0.0	7.6398982982375525	7.639898298237552
-0.0	7.594203520312969	7.594203520312968
0.0	7.899306685604659	7.899306685604659
-0.0	7.96505913495729	7.965059134957289
0.0	7.57775473204889	7.57775473204889
0.0	7.624335643203585	7.624335643203586
0.0	7.50976550994219	7.50976550994219
-0.0	7.869507763117354	7.869507763117353
0.01546	7.891820083607147	7.893040234618628
-0.0	7.666870872276991	7.66687087227699
