Average gap is: 0.00000 timecost:  41.657; Average global distance: 5.58770, local distance: 5.58770
-0.0	5.748562144777299	5.748562144777297
-0.0	5.748562144777299	5.748562144777297
-0.0	5.748562144777299	5.748562144777297
-0.0	5.748562144777299	5.748562144777297
-0.0	5.748562144777299	5.748562144777297
-0.0	5.748562144777299	5.748562144777297
-0.0	5.748562144777299	5.748562144777297
-0.0	5.748562144777299	5.748562144777297
0.0	5.700517396266528	5.70051739626653
0.0	5.700517396266528	5.70051739626653
0.0	5.700517396266528	5.70051739626653
0.0	5.700517396266528	5.70051739626653
0.0	5.700517396266528	5.70051739626653
0.0	5.700517396266528	5.70051739626653
-0.0	5.582792339969104	5.582792339969103
0.0	5.700517396266528	5.70051739626653
0.0	5.700517396266528	5.70051739626653
-0.0	5.582792339969104	5.582792339969103
-0.0	5.582792339969104	5.582792339969103
-0.0	5.582792339969104	5.582792339969103
-0.0	5.582792339969104	5.582792339969103
-0.0	5.582792339969104	5.582792339969103
0.0	5.553038336706909	5.55303833670691
-0.0	5.582792339969104	5.582792339969103
-0.0	5.582792339969104	5.582792339969103
0.0	5.553038336706909	5.55303833670691
0.0	5.553038336706909	5.55303833670691
0.0	5.553038336706909	5.55303833670691
0.0	5.553038336706909	5.55303833670691
-0.0	5.533211792473618	5.533211792473617
0.0	5.553038336706909	5.55303833670691
0.0	5.553038336706909	5.55303833670691
0.0	5.553038336706909	5.55303833670691
0.0	5.828457966721076	5.828457966721077
-0.0	5.533211792473618	5.533211792473617
-0.0	5.533211792473618	5.533211792473617
-0.0	5.533211792473618	5.533211792473617
-0.0	5.533211792473618	5.533211792473617
-0.0	5.533211792473618	5.533211792473617
0.0	5.2711364517261785	5.27113645172618
-0.0	5.533211792473618	5.533211792473617
-0.0	5.533211792473618	5.533211792473617
0.0	5.828457966721076	5.828457966721077
0.0	5.828457966721076	5.828457966721077
0.0	5.828457966721076	5.828457966721077
0.0	5.828457966721076	5.828457966721077
0.0	5.828457966721076	5.828457966721077
0.0	5.828457966721076	5.828457966721077
0.0	5.828457966721076	5.828457966721077
0.0	5.2711364517261785	5.27113645172618
0.0	5.2711364517261785	5.27113645172618
0.0	5.453296589963959	5.453296589963959
0.0	5.2711364517261785	5.27113645172618
0.0	5.2711364517261785	5.27113645172618
0.0	5.2711364517261785	5.27113645172618
0.0	5.2711364517261785	5.27113645172618
0.0	5.2711364517261785	5.27113645172618
0.0	5.453296589963959	5.453296589963959
0.0	5.453296589963959	5.453296589963959
0.0	5.697939578751093	5.697939578751095
0.0	5.453296589963959	5.453296589963959
0.0	5.453296589963959	5.453296589963959
0.0	5.453296589963959	5.453296589963959
0.0	5.453296589963959	5.453296589963959
