Average gap is: 0.07329 timecost: 685.283; Average global distance: 10.62111, local distance: 10.62896
0.0	10.298959382932638	10.298959382932642
0.0	10.298959382932638	10.298959382932642
0.0	10.298959382932638	10.298959382932642
0.0	10.298959382932638	10.298959382932642
0.0	10.298959382932638	10.298959382932642
0.0	10.298959382932638	10.298959382932642
0.0	10.298959382932638	10.298959382932642
0.0	10.298959382932638	10.298959382932642
0.18901	10.623340661685827	10.64342027950157
0.18901	10.623340661685827	10.64342027950157
0.18901	10.623340661685827	10.64342027950157
0.18901	10.623340661685827	10.64342027950157
0.18901	10.623340661685827	10.64342027950157
0.18901	10.623340661685827	10.64342027950157
0.18901	10.623340661685827	10.64342027950157
0.18901	10.623340661685827	10.64342027950157
0.14182	10.646854240967928	10.661953721362035
0.14182	10.646854240967928	10.661953721362035
0.14182	10.646854240967928	10.661953721362035
0.14182	10.646854240967928	10.661953721362035
0.14182	10.646854240967928	10.661953721362035
0.0	10.862917989792821	10.862917989792827
0.0	10.862917989792821	10.862917989792827
0.0	10.862917989792821	10.862917989792827
0.0	10.862917989792821	10.862917989792827
0.0	10.862917989792821	10.862917989792827
0.0	10.65562356937796	10.65562356937797
0.0	10.65562356937796	10.65562356937797
0.0	10.65562356937796	10.65562356937797
0.0	10.65562356937796	10.65562356937797
0.0	10.65562356937796	10.65562356937797
0.14182	10.646854240967928	10.661953721362035
0.14182	10.646854240967928	10.661953721362035
0.14182	10.646854240967928	10.661953721362035
0.19003	10.827521781000671	10.848097057186914
0.19003	10.827521781000671	10.848097057186914
0.19003	10.827521781000671	10.848097057186914
0.19003	10.827521781000671	10.848097057186914
0.0	10.862917989792821	10.862917989792827
0.0	10.862917989792821	10.862917989792827
0.0	10.862917989792821	10.862917989792827
-0.0	10.827518515204403	10.827518515204396
-0.0	10.827518515204403	10.827518515204396
-0.0	10.827518515204403	10.827518515204396
-0.0	10.827518515204403	10.827518515204396
0.19003	10.827521781000671	10.848097057186914
0.0	10.65562356937796	10.65562356937797
0.0	10.65562356937796	10.65562356937797
0.0	10.65562356937796	10.65562356937797
0.02736	10.041938992891275	10.044686901182079
-0.0	10.827518515204403	10.827518515204396
0.02736	10.041938992891275	10.044686901182079
0.02736	10.041938992891275	10.044686901182079
0.02736	10.041938992891275	10.044686901182079
-0.0	10.551657021013574	10.551657021013572
-0.0	10.551657021013574	10.551657021013572
-0.0	10.551657021013574	10.551657021013572
-0.0	10.551657021013574	10.551657021013572
0.19169	10.882630191618967	10.903491649386305
0.19169	10.882630191618967	10.903491649386305
0.19169	10.882630191618967	10.903491649386305
0.02736	10.041938992891275	10.044686901182079
0.19003	10.827521781000671	10.848097057186914
0.19169	10.882630191618967	10.903491649386305
